id,salary,date,region,hours,experience,disabled,test,minor,employment_type,specialization
d69593b0-8fcc-11ec-aae7-550ed7335bbe,19242,2024-06-11,1,1,3,0,0,0,1,1
dd0eb005-d53e-11ee-b680-d549be31d974,30000,2024-06-11,1,1,3,0,0,0,1,1
99285052,180000,2024-05-17,2,1,2,0,0,0,1,3
101431697,100000,2024-06-06,2,2,1,0,0,0,1,6
101431937,80000,2024-06-06,3,1,2,0,0,0,1,1
101432502,140000,2024-06-06,2,1,1,0,0,0,1,1
101432726,190000,2024-06-06,2,1,2,0,0,0,1,7
101433244,150000,2024-06-06,4,1,1,0,0,0,1,1
102402340,250000,2024-06-21,5,2,1,0,0,0,1,1
101260362,80000,2024-06-04,2,1,1,0,0,0,1,1
96494760,90000,2024-04-09,6,1,2,0,0,0,1,1
96498365,90000,2024-04-09,7,4,2,0,0,0,1,1
101872418,80000,2024-06-13,2,1,1,0,0,0,1,1
101872433,71000,2024-06-13,2,1,1,0,0,0,1,1
101873835,58000,2024-06-13,8,1,3,0,0,0,1,5
101874660,80000,2024-06-13,9,2,1,0,0,0,1,1
101874699,300000,2024-06-13,2,2,2,0,0,0,1,6
101343986,214000,2024-06-05,9,1,1,0,0,0,1,1
101344106,55000,2024-06-05,7,1,1,0,0,0,1,3
101345210,81100,2024-06-05,4,1,3,0,0,0,1,7
96373869,100000,2024-04-08,5,1,1,0,0,0,1,7
97023843,60000,2024-04-15,2,2,1,0,0,0,1,1
97023844,60000,2024-04-15,3,2,1,0,0,0,1,1
97026298,120000,2024-04-15,2,1,1,0,0,0,1,1
97027609,60000,2024-04-15,6,1,1,0,0,0,1,1
97028032,150000,2024-04-15,3,2,2,0,0,0,1,1
101433724,90000,2024-06-06,4,1,1,0,0,0,1,7
101435304,40000,2024-06-06,3,1,1,0,0,0,1,5
101435309,66500,2024-06-06,4,1,3,0,0,0,1,1
102114716,170000,2024-06-17,2,1,2,0,0,0,1,5
102115545,90000,2024-06-17,2,1,1,0,0,0,1,5
102116506,100000,2024-06-17,6,2,1,0,0,0,1,1
102116508,100000,2024-06-17,3,2,1,0,0,0,1,1
102116505,100000,2024-06-17,2,2,1,0,0,0,1,1
102116507,100000,2024-06-17,5,2,1,0,0,0,1,1
102207377,90000,2024-06-18,3,1,1,0,0,0,1,5
102209412,250000,2024-06-18,3,2,2,0,0,0,1,6
102404241,140000,2024-06-21,9,1,1,0,0,0,1,1
102405671,70000,2024-06-21,2,1,1,1,0,0,1,3
102406322,72000,2024-06-21,6,1,3,0,0,0,1,1
102406381,110000,2024-06-21,2,1,2,0,0,0,1,1
98440075,82800,2024-05-06,1,1,1,0,0,0,1,5
98440523,158600,2024-05-06,7,1,1,0,0,0,1,5
98442306,350000,2024-05-06,2,2,2,0,0,0,1,6
98442549,124500,2024-05-06,7,1,1,0,0,0,1,5
98443175,150000,2024-05-06,2,1,2,0,0,0,1,1
100846186,70000,2024-06-01,2,2,1,0,1,0,1,1
100846246,100000,2024-06-01,2,1,1,0,0,0,1,1
100850339,60000,2024-06-01,2,1,1,0,0,0,1,1
100854288,90000,2024-06-01,1,1,1,0,0,0,1,1
100859984,150000,2024-06-01,2,2,2,0,0,0,4,5
102554578,90000,2024-06-24,9,1,2,0,0,0,1,1
100097065,170000,2024-05-25,2,1,1,0,0,0,1,5
100097352,300000,2024-05-25,2,2,2,0,0,0,1,1
100098241,120000,2024-05-25,3,2,2,0,0,0,1,1
97632486,90000,2024-04-22,8,3,1,0,0,0,1,1
97633842,50000,2024-04-22,2,1,3,0,0,0,2,7
98550101,78000,2024-05-07,8,1,1,0,0,0,1,1
98550303,180000,2024-05-07,5,1,1,0,0,0,1,6
98552641,100000,2024-05-07,7,2,1,0,0,0,1,1
101754725,80000,2024-06-11,3,2,3,0,0,0,2,6
101755279,200000,2024-06-11,4,1,1,0,0,0,1,1
101758007,90000,2024-06-12,2,1,1,0,0,0,1,1
96790102,156000,2024-04-12,7,1,1,0,0,0,1,5
96790917,40000,2024-04-12,3,1,3,0,0,0,1,5
96373978,190000,2024-04-08,2,1,2,0,0,0,1,6
96376985,170000,2024-04-08,2,2,1,0,0,0,1,6
101991797,90000,2024-06-15,6,1,2,0,0,0,1,1
102005549,150000,2024-06-16,2,1,2,0,0,0,1,1
101125289,90000,2024-06-03,4,1,1,0,0,0,1,1
99911281,56000,2024-05-23,6,1,1,0,0,0,1,5
99915863,45000,2024-05-23,8,1,3,0,0,0,1,5
99915898,80000,2024-05-23,1,2,3,0,0,0,2,6
98166061,40000,2024-05-01,3,1,1,0,0,0,1,1
98167071,70000,2024-05-01,2,1,1,0,0,0,1,1
98167082,70300,2024-05-01,4,1,1,0,0,0,1,1
97873387,120000,2024-05-01,6,1,2,0,0,0,1,5
97873386,120000,2024-05-01,6,1,2,0,0,0,1,5
101437485,180000,2024-06-06,1,2,2,0,0,0,1,1
101440058,80000,2024-06-06,4,1,2,0,0,0,1,7
101440177,460000,2024-06-06,2,1,2,0,0,0,1,1
101440360,170000,2024-06-06,2,1,2,0,0,0,1,7
101440448,460000,2024-06-06,2,3,2,0,0,0,1,1
102304621,120000,2024-06-20,2,1,1,1,0,0,1,5
102306624,68000,2024-06-20,3,1,1,0,0,0,1,5
102307841,90000,2024-06-20,3,1,1,0,0,0,1,1
99142090,150000,2024-05-16,2,1,1,0,0,0,1,6
99142617,173000,2024-05-16,7,1,1,0,0,0,1,5
99145408,100000,2024-05-16,1,1,1,0,0,0,1,1
101655717,160000,2024-06-10,2,1,1,0,0,0,1,1
101656946,70000,2024-06-10,3,1,3,0,0,0,1,1
102211061,50000,2024-06-18,3,1,1,0,0,0,1,1
102211843,120000,2024-06-18,4,2,1,0,0,0,1,3
102213278,50000,2024-06-19,8,2,1,0,0,0,1,1
102556621,150000,2024-06-24,2,1,2,0,0,0,1,1
102556713,60000,2024-06-24,2,1,3,0,0,0,1,7
102557156,100000,2024-06-24,9,1,1,0,0,0,1,1
102557417,70000,2024-06-24,6,1,3,0,0,0,1,1
96500635,150000,2024-04-09,3,1,1,0,0,0,1,5
96502272,80000,2024-04-09,1,1,1,1,0,0,1,7
96503142,140000,2024-04-09,10,1,1,0,0,0,1,1
96503703,80000,2024-04-09,3,1,1,0,0,0,1,3
96503963,110000,2024-04-09,2,1,1,0,0,0,1,7
96504208,250000,2024-04-09,2,2,1,0,0,0,1,1
99290309,55000,2024-05-17,4,1,3,0,0,0,1,1
99291979,60000,2024-05-17,6,1,1,0,0,0,1,1
99292875,50000,2024-05-17,2,1,1,0,0,0,1,1
99294180,68000,2024-05-17,3,1,1,0,0,0,1,5
101758318,70000,2024-06-12,4,1,1,0,0,0,1,7
101761069,102000,2024-06-12,7,1,1,0,0,0,1,5
101761286,102000,2024-06-12,7,1,1,0,0,0,1,5
102408015,80000,2024-06-21,10,1,1,0,0,0,1,1
97402597,57472,2024-04-19,8,1,3,0,0,0,1,7
97405163,150000,2024-04-19,2,1,2,0,0,0,1,1
97405355,100000,2024-04-19,2,2,1,0,0,0,1,1
97405963,110000,2024-04-19,2,1,1,0,0,0,1,1
99697764,80000,2024-05-21,6,1,1,0,0,0,1,7
99698628,69000,2024-05-21,1,1,1,0,0,0,1,1
99698907,200000,2024-05-21,2,1,1,0,0,0,1,7
99699035,160000,2024-05-21,6,1,1,0,0,0,1,1
99699027,160000,2024-05-21,10,1,1,0,0,0,1,1
99699030,160000,2024-05-21,3,1,1,0,0,0,1,1
99699036,160000,2024-05-21,8,1,1,0,0,0,1,1
99699033,160000,2024-05-21,3,1,1,0,0,0,1,1
99699038,160000,2024-05-21,4,1,1,0,0,0,1,1
99699031,160000,2024-05-21,3,1,1,0,0,0,1,1
99699028,160000,2024-05-21,5,1,1,0,0,0,1,1
99699034,160000,2024-05-21,3,1,1,0,0,0,1,1
99699037,160000,2024-05-21,4,1,1,0,0,0,1,1
99699025,160000,2024-05-21,1,1,1,0,0,0,1,1
99699621,200000,2024-05-21,10,1,1,0,0,0,1,6
99699972,80000,2024-05-21,4,1,3,0,0,0,1,6
99700470,150000,2024-05-21,2,1,1,0,0,0,1,7
98697512,144000,2024-05-11,2,1,1,0,0,0,1,5
98698536,53000,2024-05-11,10,1,3,0,0,0,1,5
98698606,27000,2024-05-11,10,3,3,0,0,0,1,5
98698624,55000,2024-05-11,5,1,3,0,0,0,1,5
98698645,97000,2024-05-11,2,1,1,0,0,0,1,5
98698653,111150,2024-05-11,2,1,1,0,0,0,1,5
98698730,75100,2024-05-11,7,1,3,0,0,0,1,5
98698742,103100,2024-05-11,6,1,1,0,0,0,1,5
98828422,278000,2024-05-14,2,1,2,0,0,0,1,1
98830688,180000,2024-05-14,2,2,1,0,0,0,1,1
100889161,197000,2024-06-01,2,2,2,0,0,0,1,1
100891813,97000,2024-06-01,2,1,1,0,0,0,1,5
100891848,69300,2024-06-01,9,1,3,0,0,0,1,5
100891865,75000,2024-06-01,10,1,1,0,0,0,1,5
100891873,76840,2024-06-01,6,1,1,0,0,0,1,5
100891879,101000,2024-06-01,6,1,1,0,0,0,1,5
100891932,91000,2024-06-01,5,1,1,0,0,0,1,5
100891933,105000,2024-06-01,5,1,1,0,0,0,1,5
100892056,70000,2024-06-01,9,1,1,0,0,0,1,5
100892135,68200,2024-06-01,6,1,3,0,0,0,1,5
100892470,120000,2024-06-01,7,1,3,0,0,0,1,5
100892472,173000,2024-06-01,7,1,1,0,0,0,1,5
100892471,120000,2024-06-01,7,1,1,0,0,0,1,5
100892549,173000,2024-06-01,7,1,1,0,0,0,1,5
100892554,123740,2024-06-01,7,1,1,0,0,0,1,5
100892578,115000,2024-06-01,7,3,3,0,0,0,1,5
100892608,56500,2024-06-01,8,1,3,0,0,0,1,5
97802703,70000,2024-04-24,3,1,1,0,0,0,1,7
97802827,80000,2024-04-24,6,2,3,0,0,0,2,1
97804610,150000,2024-04-24,8,1,1,0,0,0,1,6
97804680,120000,2024-04-24,6,1,1,0,0,0,1,6
97805184,120000,2024-04-24,2,4,1,0,0,0,1,7
97806994,170000,2024-04-24,2,1,1,0,0,0,1,1
96649250,200000,2024-04-11,6,1,1,0,0,0,1,5
96649720,100000,2024-04-11,1,1,1,0,0,0,1,3
96651791,80000,2024-04-11,4,1,3,0,0,0,1,3
96653342,100000,2024-04-11,2,1,1,0,0,0,1,5
100438653,30000,2024-05-28,5,1,3,0,0,0,1,5
101876237,65000,2024-06-13,2,1,1,0,0,0,1,3
101876665,67000,2024-06-14,4,1,1,0,0,0,1,1
101878785,90000,2024-06-14,4,2,1,0,0,0,1,5
99002468,150000,2024-05-15,2,1,1,0,0,0,1,1
99003191,90000,2024-05-15,2,1,2,0,0,0,1,5
101519945,152000,2024-06-07,2,1,2,0,0,0,1,1
101519972,81834,2024-06-07,4,1,3,0,0,0,1,5
101521959,120000,2024-06-08,7,1,1,0,0,0,1,5
102117433,60000,2024-06-17,3,1,2,0,0,0,1,5
102117810,220000,2024-06-17,2,2,2,0,0,0,1,7
98301550,52000,2024-05-03,7,1,1,0,0,0,1,1
98302216,150000,2024-05-03,10,1,1,0,0,0,1,1
98302283,150000,2024-05-03,8,1,1,0,0,0,1,1
101130149,300000,2024-06-03,6,1,2,0,0,0,1,1
101130153,300000,2024-06-03,2,1,2,0,0,0,1,1
101130151,300000,2024-06-03,3,1,2,0,0,0,1,1
101130150,300000,2024-06-03,4,1,2,0,0,0,1,1
101130156,300000,2024-06-03,9,1,2,0,0,0,1,1
101130154,300000,2024-06-03,1,1,2,0,0,0,1,1
101130471,114000,2024-06-03,8,1,2,0,0,0,1,5
101131565,200000,2024-06-03,2,2,2,0,0,0,1,7
101132516,60000,2024-06-03,8,1,3,0,0,0,1,1
101132886,80000,2024-06-03,4,2,3,0,0,0,2,7
101132909,50000,2024-06-03,9,2,3,0,0,0,1,1
101133190,103100,2024-06-03,6,1,1,0,0,0,1,5
101349940,100000,2024-06-05,2,2,1,0,0,0,1,3
101349941,100000,2024-06-05,3,2,1,0,0,0,1,3
101349942,100000,2024-06-05,9,2,1,0,0,0,1,3
101350140,180000,2024-06-05,1,1,2,0,0,0,1,1
101350141,180000,2024-06-05,6,1,2,0,0,0,1,1
101350143,180000,2024-06-05,5,1,2,0,0,0,1,1
101350142,180000,2024-06-05,6,1,2,0,0,0,1,1
101350972,87000,2024-06-05,6,1,1,0,0,0,1,1
100104363,150000,2024-05-25,2,1,2,0,0,0,1,7
100116653,90000,2024-05-25,4,2,3,0,0,0,1,7
100116652,90000,2024-05-25,6,2,3,0,0,0,1,7
100116820,50000,2024-05-25,2,1,2,0,0,0,1,1
101441574,81500,2024-06-06,10,1,1,0,1,0,1,1
101442336,100000,2024-06-06,3,1,1,0,0,0,1,1
101442335,100000,2024-06-06,2,1,1,0,0,0,1,1
101443832,100000,2024-06-06,3,1,1,0,0,0,1,1
102011409,160000,2024-06-16,6,1,2,0,0,0,1,6
102011411,160000,2024-06-16,9,1,2,0,0,0,1,6
102011544,160000,2024-06-16,4,1,1,0,0,0,1,6
102011546,160000,2024-06-16,8,1,1,0,0,0,1,6
102017325,120000,2024-06-16,2,2,2,0,0,0,1,1
102021565,100000,2024-06-16,2,1,3,0,0,0,1,5
97635984,70000,2024-04-22,3,1,1,0,0,0,1,1
97637300,100000,2024-04-22,5,3,1,0,0,0,1,3
97638306,200000,2024-04-22,4,2,1,0,0,0,1,1
97638858,63000,2024-04-22,4,1,1,0,0,0,1,7
97639151,45000,2024-04-22,1,1,3,0,0,0,1,6
97639821,80000,2024-04-22,2,1,3,0,0,0,1,7
96379558,350000,2024-04-08,2,1,2,0,0,0,1,6
96380455,190000,2024-04-08,6,1,2,0,0,0,1,1
98554013,100000,2024-05-07,7,1,3,0,0,0,1,1
98554478,200000,2024-05-07,2,2,1,0,0,0,1,1
98554479,40000,2024-05-07,3,1,3,0,0,0,1,1
98554956,110000,2024-05-07,2,1,2,0,0,0,1,5
98555213,110000,2024-05-07,7,2,3,0,0,0,1,5
98555536,460000,2024-05-07,2,1,2,0,0,0,1,1
98556895,460000,2024-05-07,2,3,2,0,0,0,1,1
98557196,110000,2024-05-07,7,2,3,0,0,0,1,5
101661644,100000,2024-06-11,3,2,1,1,0,0,1,1
98443977,90000,2024-05-06,8,2,3,0,0,0,2,7
98445303,50000,2024-05-06,10,1,1,0,0,0,1,1
98445918,114600,2024-05-06,7,1,1,0,0,0,1,5
98447182,50000,2024-05-06,10,1,3,0,0,0,1,1
98180694,120000,2024-05-01,4,2,1,0,0,0,1,7
98182432,250000,2024-05-01,2,3,1,0,0,0,1,6
100276858,120000,2024-06-02,5,1,2,0,0,0,1,1
102410080,64212,2024-06-21,2,3,3,0,0,0,1,7
96506761,180000,2024-04-09,5,1,1,0,0,0,1,1
96507320,120000,2024-04-09,1,2,1,0,0,0,1,1
96509393,120000,2024-04-09,5,1,1,0,0,0,1,1
96665919,120000,2024-04-11,6,2,2,0,0,0,1,7
101269153,150000,2024-06-04,2,1,1,0,0,0,1,1
101269682,220000,2024-06-04,2,1,2,0,0,0,1,6
102321385,90000,2024-06-20,2,1,3,0,0,0,2,1
102322446,50000,2024-06-20,6,1,1,0,1,0,1,6
96791647,120000,2024-04-12,6,1,1,0,0,0,1,7
96791889,150000,2024-04-12,7,1,1,0,0,0,1,5
96792105,88000,2024-04-12,2,1,1,0,0,0,1,1
96792571,120000,2024-04-12,7,1,1,0,0,0,1,5
96794301,180000,2024-04-12,2,1,3,0,0,0,1,1
96795500,180000,2024-04-12,10,1,1,1,0,0,1,7
96795992,84000,2024-04-12,3,1,1,0,0,0,1,1
98834996,80000,2024-05-14,9,2,1,0,0,0,1,1
102215270,90000,2024-06-19,7,1,1,0,0,0,1,1
102216109,250000,2024-06-19,7,1,2,0,0,0,1,5
102217233,135500,2024-06-19,4,1,2,0,0,0,1,5
102217657,50000,2024-06-19,9,1,1,0,0,0,1,1
98723606,60000,2024-05-12,4,1,1,0,0,0,1,1
98728945,150000,2024-05-12,2,1,1,0,0,0,1,1
98729475,170000,2024-05-12,1,1,1,0,0,0,1,1
97409866,150000,2024-04-19,7,1,1,0,0,0,1,7
97409900,150000,2024-04-19,2,1,1,0,0,0,1,1
101353122,80000,2024-06-05,9,2,3,0,0,0,2,6
101353205,130000,2024-06-05,7,2,1,0,0,0,1,1
101354197,270000,2024-06-05,2,1,2,0,0,0,1,6
97028861,85000,2024-04-15,7,1,3,0,0,0,1,1
97029883,200000,2024-04-15,3,3,2,0,0,0,1,6
97031265,60000,2024-04-15,4,1,3,1,0,0,1,1
97033179,130000,2024-04-15,2,1,3,0,0,0,1,7
99148066,99000,2024-05-16,7,1,3,0,0,0,1,5
99148563,45566,2024-05-16,6,1,1,0,0,0,1,1
99148580,300000,2024-05-16,10,1,2,0,0,0,1,7
99148579,300000,2024-05-16,2,1,2,0,0,0,1,7
99148581,300000,2024-05-16,3,1,2,0,0,0,1,7
99149272,80000,2024-05-16,9,1,3,0,0,0,1,5
99149878,80000,2024-05-16,3,2,3,0,0,0,2,6
99150279,180000,2024-05-16,3,2,3,0,0,0,1,5
99150275,180000,2024-05-16,2,2,3,0,0,0,1,5
99150277,180000,2024-05-16,5,2,3,0,0,0,1,5
99150276,180000,2024-05-16,6,2,3,0,0,0,1,5
99150278,180000,2024-05-16,9,2,3,0,0,0,1,5
99150419,92100,2024-05-16,4,1,1,0,0,0,1,1
97209600,100000,2024-04-17,9,1,1,0,0,0,1,1
97210136,65000,2024-04-17,9,1,3,0,0,0,1,1
97212621,40000,2024-04-17,3,1,1,0,0,0,1,1
99294666,55000,2024-05-17,9,1,1,0,0,0,1,5
99297598,80000,2024-05-17,5,1,1,0,0,0,1,1
99297746,90000,2024-05-17,2,1,3,0,0,0,1,3
101663414,111000,2024-06-11,9,2,1,0,0,0,1,7
101663577,60000,2024-06-11,2,1,3,0,0,0,2,3
101663708,68000,2024-06-11,10,1,1,0,0,0,1,5
101664717,120000,2024-06-11,4,1,1,0,0,0,1,1
99005694,180000,2024-05-15,5,2,1,0,0,0,1,1
99005711,40800,2024-05-15,8,1,1,0,0,0,1,5
99009258,140000,2024-05-15,2,1,2,0,0,0,1,1
99544047,100000,2024-05-20,2,1,1,0,0,0,1,7
99544483,55000,2024-05-20,6,1,3,0,0,0,1,1
99547488,110000,2024-05-20,2,1,1,0,0,0,1,1
3cd11b15-15a8-11ee-84ba-0d972cff014f,26000,2024-05-28,6,1,3,0,0,0,1,1
100444851,100000,2024-05-28,5,1,3,0,0,0,1,1
100448113,100000,2024-05-28,2,1,2,0,0,0,1,1
100450229,250000,2024-05-28,3,2,2,0,0,0,3,7
102561251,100000,2024-06-24,7,1,2,0,0,0,1,5
101880695,80000,2024-06-14,5,2,3,0,0,0,2,6
101884989,70000,2024-06-14,5,2,1,0,0,0,1,7
101884990,70000,2024-06-14,8,2,1,0,0,0,1,7
101887781,40000,2024-06-14,2,1,3,0,0,0,2,1
101888849,80000,2024-06-14,7,1,1,0,0,0,3,7
96512976,60000,2024-04-09,2,1,3,0,0,0,1,5
101787008,40000,2024-06-12,3,1,3,0,0,0,1,5
101445839,130000,2024-06-06,7,1,1,0,1,0,1,3
101445840,130000,2024-06-06,7,1,1,0,1,0,1,3
101446804,50000,2024-06-07,2,2,1,1,0,0,1,7
98557761,70000,2024-05-07,10,1,1,0,0,0,1,5
98559283,60000,2024-05-07,2,1,3,0,0,0,2,7
98559946,200000,2024-05-07,8,3,2,0,0,0,1,6
98560488,300000,2024-05-07,10,1,2,0,0,0,1,1
98561087,41400,2024-05-07,9,1,3,0,0,0,2,5
98561375,120000,2024-05-07,9,1,1,0,0,0,1,1
98304175,140000,2024-05-03,6,2,1,0,0,0,1,6
98305407,200000,2024-05-03,6,2,1,0,0,0,1,6
98306056,115000,2024-05-03,7,1,1,0,0,0,1,5
98306061,173000,2024-05-03,7,1,1,0,0,0,1,5
98306064,108000,2024-05-03,7,1,1,0,0,0,1,5
98839397,260000,2024-05-14,9,1,2,0,0,0,1,1
98839407,60000,2024-05-14,2,1,3,0,0,0,1,1
98844920,40000,2024-05-14,9,1,3,0,0,0,1,1
97813835,40000,2024-04-24,8,1,3,0,0,0,1,7
97813990,35000,2024-04-24,6,1,3,0,0,0,1,7
97814181,80000,2024-04-24,1,1,1,0,0,0,1,5
97816253,50000,2024-04-24,1,1,1,0,0,0,1,1
97817091,70000,2024-04-24,2,1,3,0,0,0,1,1
97818099,250000,2024-04-24,3,2,2,0,0,0,3,7
100145686,60000,2024-05-25,7,1,1,0,0,0,1,5
100145693,27000,2024-05-25,10,3,3,0,0,0,1,5
100145694,27000,2024-05-25,10,2,3,0,0,0,1,5
100145736,88000,2024-05-25,7,1,1,0,0,0,1,5
100145762,53000,2024-05-25,10,1,3,0,0,0,1,5
100145937,65000,2024-05-25,6,1,3,0,0,0,1,5
100146091,88000,2024-05-25,7,1,1,0,0,0,1,5
100146229,120000,2024-05-25,2,1,1,0,0,0,1,5
100146374,60000,2024-05-25,7,1,1,0,0,0,1,5
100146396,75000,2024-05-25,7,1,1,0,0,0,1,5
96677637,100000,2024-04-11,6,1,2,0,0,0,1,7
96678753,80000,2024-04-11,6,1,1,0,0,0,1,7
96679936,150000,2024-04-11,3,1,1,0,0,0,1,1
96680031,227950,2024-04-11,7,1,1,0,0,0,1,5
96681024,60000,2024-04-11,1,1,3,0,0,0,1,5
96681822,82000,2024-04-11,4,1,1,0,0,0,1,1
96681961,220000,2024-04-11,6,2,2,0,0,0,1,6
99702547,57000,2024-05-21,9,1,3,0,0,0,1,1
99704049,138000,2024-05-21,6,1,1,0,0,0,1,1
99704412,40000,2024-05-21,6,1,1,0,0,0,1,1
99704570,75000,2024-05-21,7,1,1,0,0,0,1,5
99705411,200000,2024-05-21,9,1,2,0,0,0,1,1
99705893,200000,2024-05-21,2,1,2,0,0,0,1,1
99705937,170000,2024-05-21,2,1,1,0,0,0,1,7
99706332,150000,2024-05-21,2,1,2,0,0,0,1,5
99706528,45000,2024-05-21,8,1,3,0,0,0,1,1
99706647,90000,2024-05-21,8,1,1,0,0,0,1,1
99707931,120000,2024-05-21,7,1,2,0,0,0,1,1
101523362,145000,2024-06-08,2,2,2,0,1,0,3,1
101526717,75000,2024-06-08,3,1,1,0,0,0,1,7
101526762,80000,2024-06-08,4,1,3,0,0,0,1,1
101526767,75000,2024-06-08,3,1,1,0,0,0,1,7
101527536,80000,2024-06-08,8,2,3,0,0,0,2,6
101528006,180000,2024-06-08,2,2,1,0,0,0,1,1
97643129,80000,2024-04-22,9,1,3,0,0,0,1,6
97643148,200000,2024-04-22,2,1,2,0,0,0,1,1
97643992,300000,2024-04-22,9,1,2,0,0,0,1,1
97647416,115000,2024-04-23,7,1,1,0,0,0,1,5
101271832,69000,2024-06-04,1,1,1,0,0,0,1,1
101272194,150000,2024-06-04,2,1,1,0,0,0,1,1
101273967,100000,2024-06-04,4,1,1,0,0,0,1,1
98730024,85600,2024-05-13,2,1,1,0,0,0,1,1
98730383,90000,2024-05-13,2,1,1,0,0,0,1,1
98735701,80000,2024-05-13,1,1,1,1,0,0,1,7
101357787,120000,2024-06-05,4,1,1,0,0,0,1,1
96383929,50000,2024-04-08,6,1,1,0,0,0,1,1
96372699,200000,2024-04-08,5,1,2,0,0,0,1,5
96388052,190000,2024-04-08,2,2,1,0,0,0,1,6
96388154,220000,2024-04-08,2,1,2,0,0,0,1,7
101896761,80000,2024-06-14,5,1,3,0,0,0,1,1
102324700,45000,2024-06-20,2,1,1,0,0,0,1,3
101139225,144000,2024-06-03,2,1,1,0,0,0,1,5
101139587,70000,2024-06-03,2,1,1,0,0,0,1,1
101142955,200000,2024-06-03,2,1,1,0,0,0,1,1
101143083,300000,2024-06-03,1,1,1,0,0,0,1,1
101143161,250000,2024-06-03,3,1,2,0,0,0,1,6
101143297,200000,2024-06-03,5,1,2,0,0,0,1,1
101143826,40000,2024-06-03,3,1,1,0,0,0,1,1
101143852,114703,2024-06-03,7,1,1,0,0,0,1,5
96797523,80000,2024-04-12,2,2,1,0,0,0,1,7
96798691,120000,2024-04-12,6,1,2,0,0,0,4,5
96799094,140000,2024-04-12,7,1,1,0,0,0,1,5
96799468,100000,2024-04-12,7,1,1,0,0,0,1,5
96799701,97000,2024-04-12,2,1,1,0,0,0,1,5
96800619,57000,2024-04-12,1,1,3,0,0,0,1,1
96800621,100000,2024-04-12,7,1,1,0,0,0,1,1
96800871,230000,2024-04-12,2,1,1,0,0,0,1,7
96802689,70000,2024-04-12,9,1,2,0,0,0,1,5
96803333,170000,2024-04-12,2,1,1,0,0,0,1,6
98187713,200000,2024-05-02,2,1,2,0,0,0,1,6
98187839,63000,2024-05-02,1,1,1,0,0,0,1,1
98187840,69000,2024-05-02,1,1,1,0,0,0,1,1
98189319,65000,2024-05-02,4,1,1,0,0,0,1,1
98195614,70000,2024-05-02,1,1,1,0,0,0,1,3
100981846,170000,2024-06-02,2,2,1,0,0,0,1,1
101023351,40000,2024-06-03,5,1,3,0,0,0,1,1
100596916,158000,2024-05-29,7,1,1,0,0,0,1,5
100597390,80000,2024-05-29,6,1,1,0,0,0,1,7
100598987,95000,2024-05-29,7,1,1,0,0,0,1,1
100598988,95000,2024-05-29,7,1,1,0,0,0,1,1
100601182,250000,2024-05-29,2,1,2,0,0,0,1,1
102121604,80000,2024-06-17,2,1,3,0,0,0,1,7
102121800,90000,2024-06-17,2,1,1,0,0,0,1,5
102123359,100000,2024-06-18,4,1,1,0,0,0,1,5
102123500,140000,2024-06-18,2,2,1,0,0,0,1,1
102123566,45000,2024-06-18,3,1,1,0,0,0,1,7
102123673,45000,2024-06-18,3,1,1,0,0,0,1,7
102124304,100000,2024-06-18,4,1,1,0,0,0,1,1
102044460,100000,2024-06-17,5,1,1,0,0,0,1,1
102045595,90000,2024-06-17,5,1,2,0,0,0,1,7
97414315,100000,2024-04-19,2,1,1,0,0,0,1,5
97415436,82400,2024-04-19,2,1,1,0,0,0,1,7
97416609,70000,2024-04-19,5,1,1,0,0,0,1,1
97416739,100000,2024-04-19,2,1,1,0,0,0,1,1
97416779,120000,2024-04-19,7,1,1,0,0,0,1,1
97419518,70000,2024-04-19,4,2,1,0,0,0,1,1
100451937,80000,2024-05-28,1,1,1,0,0,0,1,1
100452154,90000,2024-05-28,1,1,1,0,0,0,1,1
99918019,30000,2024-05-23,3,1,3,0,0,0,1,1
99920795,227950,2024-05-23,7,1,1,0,0,0,1,5
101673677,80000,2024-06-11,3,1,2,0,0,0,1,1
101675146,75000,2024-06-11,3,1,1,0,0,0,1,7
101675163,75000,2024-06-11,3,1,1,0,0,0,1,7
101675723,170000,2024-06-11,7,1,1,0,0,0,1,7
101676013,69000,2024-06-11,7,1,3,0,0,0,1,3
98448973,60000,2024-05-06,6,1,1,0,0,0,1,1
98449154,75000,2024-05-06,2,1,1,0,0,0,1,1
98449413,150000,2024-05-06,2,1,1,0,0,0,1,1
98449659,150000,2024-05-06,2,1,1,0,0,0,1,1
96516431,120000,2024-04-09,4,2,1,0,0,0,1,3
96516671,100000,2024-04-09,4,1,3,0,0,0,1,1
96519447,80000,2024-04-09,4,1,3,0,0,0,1,6
96519986,100000,2024-04-09,9,1,1,0,0,0,1,1
96520375,130000,2024-04-09,7,1,1,0,0,0,1,5
96520373,120000,2024-04-09,7,1,1,0,0,0,1,5
98846493,115000,2024-05-14,3,1,2,0,0,0,1,7
98853718,500000,2024-05-14,2,1,1,0,0,0,1,5
98854759,50000,2024-05-14,5,2,2,0,0,0,1,1
99014757,82800,2024-05-15,1,1,1,0,0,0,1,5
98562325,150000,2024-05-07,2,1,1,0,0,0,1,5
98563058,70000,2024-05-08,10,1,1,0,0,0,1,1
98563971,230000,2024-05-08,7,1,1,0,0,0,1,1
98545321,164000,2024-05-08,2,1,1,0,0,0,1,5
102565129,110000,2024-06-24,2,1,1,0,0,0,1,7
99548128,50000,2024-05-20,2,4,3,0,0,0,1,1
99550043,120000,2024-05-20,9,1,1,0,0,0,1,3
99550052,80000,2024-05-20,9,1,1,0,0,0,1,1
99550123,120000,2024-05-20,2,1,1,0,0,0,1,1
99550641,100000,2024-05-20,9,1,2,0,0,0,1,7
99550775,90000,2024-05-20,2,1,3,0,0,0,1,1
99551552,100000,2024-05-20,10,1,2,0,0,0,1,1
99551721,330000,2024-05-20,10,2,4,0,0,0,1,6
99551749,41000,2024-05-20,9,1,3,0,0,0,1,1
99552043,95000,2024-05-20,2,1,2,0,0,0,1,5
99552145,175000,2024-05-20,2,1,1,0,0,0,1,1
99552338,200000,2024-05-20,6,1,1,0,0,0,1,5
101798446,80000,2024-06-13,2,2,1,0,0,0,1,1
101803332,350000,2024-06-13,7,1,2,0,0,0,1,1
101805789,170000,2024-06-13,2,2,3,1,0,0,1,6
98308750,200000,2024-05-03,2,1,3,0,0,0,1,6
99300391,60000,2024-05-17,7,1,1,0,0,0,1,5
99302476,98000,2024-05-17,2,1,1,0,0,0,1,1
101274926,81500,2024-06-04,6,1,1,0,0,0,1,5
101275136,250000,2024-06-04,3,2,2,0,0,0,1,7
101275638,80000,2024-06-04,4,2,3,0,0,0,2,6
101275867,150000,2024-06-04,2,1,1,0,0,0,1,3
97215573,150000,2024-04-17,3,2,2,0,0,0,3,5
97216457,71000,2024-04-17,2,1,3,0,0,0,1,1
97217759,145931,2024-04-17,1,1,1,0,0,0,1,1
101358656,100000,2024-06-05,10,1,3,0,0,0,1,6
101359260,52598,2024-06-05,2,1,3,0,0,0,2,5
101360988,100000,2024-06-05,2,1,1,0,0,0,1,6
101361233,200000,2024-06-05,2,1,2,1,0,0,1,1
101361764,69000,2024-06-05,4,1,1,0,0,0,1,1
101361808,80000,2024-06-05,3,1,1,0,0,0,1,5
101361807,80000,2024-06-05,6,1,1,0,0,0,1,5
101362020,60000,2024-06-05,8,1,1,0,0,0,1,1
97034585,120000,2024-04-15,7,3,1,0,0,0,1,6
97034583,120000,2024-04-15,7,3,1,0,0,0,1,6
97034584,120000,2024-04-15,7,3,1,0,0,0,1,6
97035406,60000,2024-04-15,2,2,1,0,0,0,1,1
97035583,60000,2024-04-15,6,1,1,0,0,0,1,1
97035667,100000,2024-04-15,10,1,1,0,0,0,1,7
97035960,80000,2024-04-15,2,1,1,0,0,0,1,1
97036251,70000,2024-04-15,4,1,1,0,0,0,1,1
97039005,200000,2024-04-16,5,1,2,0,0,0,4,5
97039056,120000,2024-04-16,5,3,2,0,0,0,1,1
97039055,120000,2024-04-16,2,3,2,0,0,0,1,1
97039057,120000,2024-04-16,4,3,2,0,0,0,1,1
102412658,55000,2024-06-21,2,1,1,0,0,0,1,1
102413498,180000,2024-06-21,5,1,1,0,0,0,1,6
102413746,174000,2024-06-21,7,1,1,0,0,0,1,5
102413977,100000,2024-06-21,2,1,3,0,0,0,1,3
97818921,120000,2024-04-24,2,4,1,0,0,0,1,7
97819142,67700,2024-04-24,4,1,1,0,0,0,1,5
97821616,40000,2024-04-24,8,1,3,0,0,0,1,7
97821724,70000,2024-04-24,2,1,3,0,0,0,1,7
97822900,130000,2024-04-24,2,1,2,0,0,0,1,1
99150722,95000,2024-05-16,6,2,1,0,0,0,1,1
99152035,70000,2024-05-16,2,1,1,0,0,0,1,6
99152043,80000,2024-05-16,10,2,3,0,0,0,2,7
99155139,150000,2024-05-16,2,1,1,0,0,0,1,7
99155731,70000,2024-05-16,10,1,1,0,0,0,1,5
101448218,200000,2024-06-07,8,3,2,0,0,0,1,6
101449679,83000,2024-06-07,4,1,1,0,0,0,1,7
101450770,100000,2024-06-07,2,2,1,0,0,0,1,5
101450825,100000,2024-06-07,9,2,1,0,0,0,1,5
101451350,90000,2024-06-07,2,2,1,0,0,0,1,5
98567025,50000,2024-05-08,2,1,3,0,0,0,1,1
97650238,280000,2024-04-23,2,1,2,0,0,0,1,6
97651532,100000,2024-04-23,2,2,3,0,0,0,1,7
97653078,250000,2024-04-23,2,2,2,0,0,0,1,1
101606269,120000,2024-06-11,5,1,1,0,0,0,1,7
96389545,140000,2024-04-08,2,1,1,0,0,0,1,6
96390392,160000,2024-04-08,2,1,4,0,0,0,1,6
96390825,130000,2024-04-08,2,1,1,0,0,0,1,7
96391457,200000,2024-04-08,3,1,1,1,0,0,1,6
96393132,150000,2024-04-08,8,2,1,0,0,0,1,6
101144580,40000,2024-06-03,9,1,3,0,0,0,1,1
101146003,40000,2024-06-03,3,4,1,0,0,0,1,1
101146819,58000,2024-06-03,10,1,3,0,0,0,1,1
101147059,78000,2024-06-03,6,1,2,0,0,0,1,7
101905405,80000,2024-06-20,6,1,1,0,0,0,1,1
101905429,80000,2024-06-20,6,1,1,0,0,0,1,1
101905442,80000,2024-06-20,6,1,1,0,0,0,1,1
102328761,100000,2024-06-20,5,1,1,0,0,0,1,1
98869956,120000,2024-05-14,2,2,3,1,1,1,4,3
98746041,70000,2024-05-14,5,1,2,0,0,0,1,5
96684243,165000,2024-04-11,5,1,1,0,0,0,1,7
96684607,150000,2024-04-11,9,1,2,0,0,0,1,7
96684786,80000,2024-04-11,2,2,1,1,0,0,1,7
96685550,76000,2024-04-11,6,1,2,0,0,0,1,5
6bed30d5-4269-11ee-9064-dd0276383d19,20000,2024-04-11,4,1,3,0,0,0,1,1
98745219,40000,2024-05-13,8,2,3,0,0,0,1,6
98745223,500000,2024-05-13,2,1,2,0,0,0,1,6
98745366,150000,2024-05-13,6,1,1,0,0,0,1,1
97421096,69000,2024-04-19,1,1,1,0,0,0,1,5
97422279,120000,2024-04-19,2,1,2,0,0,0,1,5
101542262,144000,2024-06-08,2,1,1,0,0,0,1,5
101542263,30000,2024-06-08,10,3,3,0,0,0,1,5
101542264,60000,2024-06-08,10,1,3,0,0,0,1,5
101542418,120000,2024-06-08,2,1,1,0,0,0,1,5
101542434,120000,2024-06-08,7,1,3,0,0,0,1,5
101542673,60900,2024-06-08,5,1,3,0,0,0,1,5
101542712,62000,2024-06-08,5,1,3,0,0,0,1,5
101542733,30000,2024-06-08,10,3,3,0,0,0,1,5
101542769,67000,2024-06-08,10,1,3,0,0,0,1,5
101808561,130000,2024-06-13,9,1,3,0,0,0,1,1
101808558,130000,2024-06-13,2,1,3,0,0,0,1,1
101811992,150000,2024-06-13,6,1,1,0,0,0,1,7
102239530,300000,2024-06-19,2,2,2,0,0,0,1,1
98198510,65000,2024-05-02,3,2,1,0,0,0,1,7
98200646,120000,2024-05-02,6,1,1,0,0,0,1,1
96523735,227950,2024-04-09,7,1,1,0,0,0,1,5
96524128,98313,2024-04-09,2,1,3,0,0,0,1,1
96525745,60000,2024-04-09,9,1,3,0,0,0,1,7
101902404,125000,2024-06-14,7,1,1,0,0,0,1,5
101904478,30000,2024-06-14,3,1,3,0,0,0,1,1
101904545,40000,2024-06-14,3,1,3,0,1,0,2,7
98574384,150000,2024-05-08,2,1,1,0,0,0,1,1
99708371,80000,2024-05-21,2,1,1,0,0,0,1,1
99710744,80000,2024-05-21,8,2,3,0,0,0,2,7
99711034,92800,2024-05-21,6,1,1,0,0,0,1,5
99554023,120000,2024-05-20,8,1,1,0,0,0,1,7
99554576,200000,2024-05-20,9,2,1,0,0,0,1,6
99554738,100000,2024-05-20,5,1,1,0,0,0,1,1
99556199,140000,2024-05-20,5,1,2,0,0,0,1,5
99556790,85000,2024-05-20,2,1,1,0,0,0,1,1
99557126,200000,2024-05-20,9,1,2,0,0,0,4,5
99557547,50000,2024-05-20,1,1,1,0,0,0,1,3
99016873,73000,2024-05-15,10,1,1,0,0,0,1,1
99017044,260000,2024-05-15,2,1,1,0,0,0,1,6
99014538,77000,2024-05-15,1,1,1,0,0,0,1,1
99014704,77000,2024-05-15,9,1,1,0,0,0,1,1
99019261,200000,2024-05-15,2,1,2,0,0,0,1,5
102416392,100000,2024-06-21,2,1,3,0,0,0,1,3
102416958,30000,2024-06-21,2,2,3,0,1,0,1,1
102417762,24040,2024-06-21,2,1,3,0,0,0,1,1
102417882,60000,2024-06-21,2,1,2,0,0,0,1,1
102418239,65000,2024-06-21,6,1,3,0,0,0,1,1
102567090,80000,2024-06-24,5,1,1,0,0,0,1,1
102567529,80000,2024-06-24,9,1,1,0,0,0,1,1
102568972,136000,2024-06-24,7,1,1,0,0,0,1,5
102569250,250000,2024-06-24,8,2,2,0,0,0,1,1
100458438,70000,2024-05-28,6,1,1,0,0,0,1,1
98315323,54000,2024-05-03,3,1,1,0,0,0,1,1
98315628,55000,2024-05-03,5,1,1,0,0,0,1,1
102047628,100000,2024-06-17,5,1,1,0,0,0,1,5
102050398,175000,2024-06-17,6,2,2,0,0,0,1,7
101278614,120000,2024-06-04,3,1,1,0,0,0,1,5
101279325,151500,2024-06-04,10,1,2,0,0,0,1,1
101281567,68000,2024-06-05,1,1,3,0,0,0,1,1
99306599,250000,2024-05-17,7,1,2,0,0,0,1,1
99306680,250000,2024-05-17,7,1,2,0,0,0,1,1
99306829,136000,2024-05-17,2,1,1,0,0,0,1,3
99307217,330000,2024-05-17,2,2,2,0,0,0,1,6
99308423,180000,2024-05-17,2,2,2,0,0,0,1,1
100217142,110000,2024-05-26,3,1,1,0,0,0,1,7
100224951,220000,2024-05-26,1,2,1,0,0,0,1,1
100227859,57500,2024-05-26,4,1,3,0,0,0,1,5
100248730,140000,2024-05-27,2,2,2,0,0,0,1,1
100249481,69000,2024-05-27,4,1,1,0,0,0,1,1
101150826,40000,2024-06-03,8,1,3,0,0,0,1,1
101152266,120000,2024-06-03,10,1,1,0,0,0,1,1
96803565,150000,2024-04-12,1,2,2,0,0,0,1,1
96805954,145000,2024-04-12,7,1,2,0,0,0,1,5
101363782,70000,2024-06-06,3,1,1,0,0,0,1,5
101363781,70000,2024-06-06,3,1,1,0,0,0,1,5
101364662,90000,2024-06-06,2,1,1,0,0,0,1,1
101365330,65000,2024-06-06,7,1,3,0,0,0,1,1
101365328,65000,2024-06-06,7,1,3,0,0,0,1,1
101365329,65000,2024-06-06,7,1,3,0,0,0,1,1
100602511,300000,2024-05-29,10,1,1,0,0,0,1,1
100602510,300000,2024-05-29,8,1,1,0,0,0,1,1
100603859,30000,2024-05-29,2,2,3,0,0,0,2,1
100603969,96600,2024-05-29,1,3,1,0,0,0,1,6
100604857,80000,2024-05-29,2,2,1,0,0,0,1,1
100605739,100000,2024-05-29,8,1,2,0,0,0,1,1
100606101,150000,2024-05-29,2,2,3,0,0,0,1,1
100606156,170000,2024-05-29,2,1,2,0,0,0,1,7
100606460,60000,2024-05-29,3,2,1,0,0,0,1,1
100590425,123740,2024-05-29,7,1,1,0,0,0,1,5
98877931,40000,2024-05-14,3,1,3,0,1,0,2,7
98878723,150000,2024-05-14,5,1,1,0,0,0,1,1
98881364,80000,2024-05-14,6,1,1,0,0,0,1,5
98881430,80000,2024-05-14,6,1,1,0,0,0,1,5
98883568,120000,2024-05-14,6,1,2,0,0,0,1,1
101452479,250000,2024-06-07,2,1,1,0,0,0,1,6
101453163,80000,2024-06-07,2,1,2,0,0,0,1,7
101456286,95000,2024-06-07,2,3,1,1,0,0,1,6
101456856,95000,2024-06-07,2,3,1,1,0,0,1,6
101812696,55000,2024-06-13,6,1,3,0,0,0,1,1
101814537,46000,2024-06-13,6,1,1,0,0,0,1,1
101815387,200000,2024-06-13,5,1,2,0,0,0,1,3
98453332,200000,2024-05-06,4,1,2,0,0,0,1,1
98453978,65000,2024-05-06,2,2,1,0,0,0,1,7
97656285,220000,2024-04-23,2,2,2,0,0,0,1,1
97656679,150000,2024-04-23,4,1,1,0,0,0,1,1
97660391,80000,2024-04-23,2,1,1,0,0,0,1,5
97665512,120000,2024-04-23,2,2,1,0,0,0,1,6
97676973,63220,2024-04-23,7,4,1,0,0,0,1,1
102125164,400000,2024-06-18,2,2,4,0,0,0,1,6
102125298,150000,2024-06-18,2,1,1,0,0,0,1,7
102126052,110000,2024-06-18,8,1,1,0,0,0,1,6
102126180,80000,2024-06-18,2,1,1,0,0,0,1,1
102126371,100000,2024-06-18,5,1,3,0,0,0,1,3
102126759,70000,2024-06-18,4,1,1,0,0,0,1,1
102127707,160000,2024-06-18,1,1,1,0,0,0,1,7
96394126,250000,2024-04-08,2,1,4,0,0,0,1,1
96394569,200000,2024-04-08,5,2,1,0,0,0,1,6
96395480,150000,2024-04-08,2,2,1,0,0,0,1,1
96396015,90000,2024-04-08,7,1,2,0,0,0,1,5
96396106,150000,2024-04-08,2,1,2,0,0,0,1,1
96396414,65000,2024-04-08,5,1,3,0,0,0,1,1
96397395,300000,2024-04-08,3,2,2,0,0,0,1,6
96397490,118200,2024-04-08,2,1,1,0,0,0,1,5
96397733,82800,2024-04-08,1,1,1,0,0,0,1,5
97825055,80000,2024-04-24,9,1,1,0,0,0,1,1
97825544,74500,2024-04-24,9,1,1,0,0,0,1,5
97825692,55000,2024-04-24,9,1,1,0,0,0,1,5
97826352,70000,2024-04-24,2,1,3,0,0,0,1,1
97827049,400000,2024-04-24,8,2,2,0,0,0,1,7
97827855,200000,2024-04-24,2,1,1,0,0,0,1,1
97829747,120000,2024-04-24,7,2,1,0,0,0,1,6
97829944,84500,2024-04-24,4,1,1,0,0,0,1,7
102240582,150000,2024-06-19,3,1,1,0,0,0,1,5
102242637,110000,2024-06-19,9,2,1,0,0,0,1,6
102242736,80000,2024-06-19,6,2,3,0,0,0,2,6
102243316,35000,2024-06-19,6,1,3,0,0,0,2,7
96690607,170000,2024-04-11,2,1,2,0,0,0,1,7
96691042,250000,2024-04-11,2,2,2,0,0,0,1,1
96694140,40000,2024-04-11,4,1,3,0,0,0,1,1
101905212,250000,2024-06-14,3,2,2,0,0,0,1,6
101907428,174600,2024-06-14,7,1,1,0,0,0,1,5
101907652,172095,2024-06-14,7,1,1,0,0,0,1,5
102330895,70000,2024-06-20,3,1,1,0,0,0,1,1
102331473,70000,2024-06-20,7,1,3,0,0,0,1,6
98750113,120000,2024-05-13,10,1,1,0,0,0,1,7
98750218,300000,2024-05-13,2,1,2,0,0,0,1,1
98750338,170000,2024-05-13,5,1,2,0,0,0,1,1
98750466,80000,2024-05-13,8,1,2,0,0,0,1,7
97219755,120000,2024-04-17,5,1,1,0,0,0,1,7
97221980,60000,2024-04-17,5,1,1,0,0,0,1,1
97222607,62250,2024-04-17,3,1,1,0,0,0,1,1
97223886,70000,2024-04-17,7,1,1,0,0,0,1,1
99156817,80000,2024-05-16,10,2,3,0,0,0,2,6
99157003,140000,2024-05-16,7,1,1,0,0,0,1,1
99157548,120000,2024-05-16,7,1,1,0,0,0,1,1
99158402,32500,2024-05-16,3,1,1,0,0,0,1,5
99158579,103100,2024-05-16,6,1,1,0,0,0,1,5
98583707,100000,2024-05-08,5,1,2,0,0,0,1,1
97426667,130000,2024-04-19,2,1,3,0,0,0,1,6
97429029,250000,2024-04-19,10,2,2,0,0,0,1,1
97430558,50000,2024-04-19,2,1,3,0,1,0,2,3
97041920,45000,2024-04-16,2,1,3,0,0,0,1,1
97042068,200000,2024-04-16,5,2,2,0,0,0,1,6
97042641,100000,2024-04-16,2,1,3,0,0,0,1,5
97043344,90000,2024-04-16,9,2,1,0,0,0,1,7
97043558,75000,2024-04-16,4,2,1,0,0,0,1,1
97044348,170000,2024-04-16,2,2,1,1,0,0,1,1
97046118,100000,2024-04-16,4,2,3,1,0,0,1,1
96532265,100000,2024-04-09,2,2,1,0,0,0,1,5
102419169,140000,2024-06-21,4,1,1,0,0,0,1,1
102419309,660000,2024-06-21,3,1,3,0,0,0,1,5
102421449,100000,2024-06-21,2,1,1,0,0,0,1,7
102421506,120000,2024-06-21,7,1,1,0,0,0,1,5
102421730,175000,2024-06-21,2,2,2,0,0,0,1,1
102421843,85000,2024-06-21,7,1,3,0,0,0,1,5
101059107,100000,2024-06-03,7,1,2,0,0,0,1,5
98201917,60000,2024-05-02,3,1,3,0,1,0,2,7
98202282,72500,2024-05-02,4,1,1,0,0,0,1,1
98202427,82800,2024-05-02,1,1,1,0,0,0,1,5
98202641,120000,2024-05-02,8,2,1,0,0,0,1,7
98203410,60000,2024-05-02,8,1,1,0,0,0,1,1
98204927,100000,2024-05-02,1,1,1,0,0,0,1,1
98204943,70000,2024-05-02,6,1,1,0,0,0,1,1
99559535,130000,2024-05-20,2,1,2,0,0,0,1,7
99559651,170000,2024-05-20,2,1,1,0,0,0,1,1
99560249,85000,2024-05-20,7,2,3,0,0,0,1,6
99560363,27500,2024-05-20,6,1,1,0,0,0,1,1
99560534,85000,2024-05-20,7,2,3,0,0,0,1,6
99561059,80000,2024-05-20,2,1,1,0,0,0,1,1
99562079,69000,2024-05-20,1,1,1,0,0,0,1,5
102052367,80000,2024-06-17,6,1,1,0,0,0,1,1
102052764,56500,2024-06-17,3,1,3,0,0,0,1,1
102054665,80000,2024-06-17,6,1,2,0,0,0,1,1
102055339,200000,2024-06-17,2,2,1,0,0,0,1,1
101283895,50000,2024-06-05,4,1,3,0,0,0,1,1
101284374,76200,2024-06-05,4,1,3,0,0,0,1,7
97054237,50000,2024-04-16,9,1,1,0,0,0,1,1
100271976,120000,2024-05-27,5,1,1,0,0,0,1,6
100280320,22000,2024-05-27,5,1,3,0,0,0,1,1
99309715,150000,2024-05-18,4,1,1,0,0,0,1,1
99310087,180000,2024-05-18,4,1,2,0,0,0,1,1
99310216,250000,2024-05-18,5,1,4,0,0,0,1,1
99311557,200000,2024-05-18,8,1,2,0,0,0,1,1
98317409,63400,2024-05-03,1,1,3,0,0,0,1,5
98320815,320000,2024-05-03,2,1,1,0,0,0,1,6
101818904,290000,2024-06-13,2,2,2,1,0,0,1,6
101819088,170000,2024-06-13,1,1,1,0,0,0,1,1
101819145,200000,2024-06-13,4,1,1,0,0,0,1,1
101817705,95000,2024-06-13,5,1,3,0,0,0,1,1
100461778,70000,2024-05-28,4,1,1,0,0,0,1,1
100464022,110000,2024-05-28,10,2,1,0,0,0,1,6
100464023,110000,2024-05-28,4,2,1,0,0,0,1,6
100464167,150000,2024-05-28,5,2,1,0,0,0,1,1
100464529,70000,2024-05-28,7,1,1,0,0,0,1,1
100465298,110000,2024-05-28,2,1,1,0,0,0,1,5
100465769,142000,2024-05-28,3,1,2,0,0,0,1,6
101554894,150000,2024-06-08,2,1,2,1,0,0,1,6
101570017,140000,2024-06-09,3,1,1,0,0,0,1,6
101079926,80000,2024-06-09,6,1,1,0,0,0,1,1
101079925,80000,2024-06-09,6,1,1,0,0,0,1,1
99714570,65000,2024-05-21,4,1,1,0,0,0,1,1
99715634,70000,2024-05-21,3,1,1,0,0,0,1,1
99715763,150000,2024-05-21,1,1,1,0,0,0,1,1
99715982,90000,2024-05-21,6,1,1,0,0,0,1,6
99718862,70000,2024-05-21,7,1,1,0,0,0,1,1
101156015,70000,2024-06-03,2,1,2,0,0,0,1,1
101156387,100000,2024-06-03,2,2,1,0,1,0,1,6
101157091,70000,2024-06-04,9,1,1,0,0,0,1,1
101162037,100000,2024-06-04,1,1,2,0,0,0,1,1
99020662,73800,2024-05-15,10,1,1,0,0,0,1,1
99021617,115000,2024-05-15,7,1,1,0,0,0,1,5
99021917,95000,2024-05-15,5,1,1,0,0,0,1,5
99022407,115000,2024-05-15,7,1,1,0,0,0,1,5
99022523,72000,2024-05-15,3,1,1,0,0,0,1,1
99022574,45000,2024-05-15,1,1,3,0,0,0,1,6
101468242,64000,2024-06-07,6,1,1,0,0,0,1,1
101469567,180000,2024-06-07,5,2,2,0,0,0,1,1
101469851,90000,2024-06-07,3,1,1,0,0,0,1,3
102332905,150000,2024-06-20,4,1,3,0,0,0,1,6
102332906,150000,2024-06-20,2,1,3,0,0,0,1,6
102332904,150000,2024-06-20,6,1,3,0,0,0,1,6
102333100,70000,2024-06-20,3,1,3,0,0,0,1,5
102333408,173000,2024-06-20,7,1,1,0,0,0,1,5
102334046,50000,2024-06-20,3,1,3,0,0,0,2,1
102334444,60000,2024-06-20,6,1,3,0,0,0,1,5
98456340,60000,2024-05-06,1,3,1,0,0,0,1,1
98457218,150000,2024-05-06,2,1,2,1,0,0,1,1
98457264,98000,2024-05-06,7,1,1,0,0,0,1,5
98457349,148609,2024-05-06,7,1,3,0,0,0,1,5
98457351,140000,2024-05-06,7,1,1,0,0,0,1,5
98457356,138200,2024-05-06,7,1,1,0,0,0,1,5
98457473,162000,2024-05-06,7,1,1,0,0,0,1,5
98457527,83000,2024-05-06,5,1,1,0,0,0,1,5
98457566,75000,2024-05-06,10,1,1,0,0,0,1,5
98457588,105000,2024-05-06,5,1,1,0,0,0,1,5
98457853,63400,2024-05-06,1,1,3,0,0,0,1,5
98457983,55100,2024-05-06,5,1,3,0,0,0,1,5
98458026,63400,2024-05-06,1,1,3,0,0,0,1,5
98458069,145000,2024-05-06,7,1,2,0,0,0,1,5
98458248,115000,2024-05-06,7,1,1,0,0,0,1,5
98458247,115000,2024-05-06,7,1,1,0,0,0,1,5
98459426,150000,2024-05-06,2,1,2,0,0,0,1,1
98459450,100000,2024-05-06,2,1,1,0,0,0,1,1
102056543,145931,2024-06-17,1,1,1,0,0,0,1,1
102056716,61000,2024-06-17,1,1,3,0,0,0,1,1
102058052,90000,2024-06-17,3,1,1,0,0,0,1,1
99316766,54000,2024-05-18,5,1,3,0,0,0,1,1
99318800,60000,2024-05-18,8,1,1,0,0,0,1,3
102131505,80000,2024-06-18,2,1,3,0,0,0,3,1
102131527,120000,2024-06-18,2,1,2,0,0,0,1,5
102131528,130000,2024-06-18,2,1,1,0,0,0,1,6
102136298,200000,2024-06-18,2,2,1,0,0,0,1,6
102136301,200000,2024-06-18,9,2,1,0,0,0,1,6
98886084,49000,2024-05-14,1,1,3,0,0,0,1,1
98886878,90000,2024-05-14,2,2,1,0,0,0,1,1
72113a25-046e-11ef-af71-cb26dff57dd7,43000,2024-06-14,2,1,3,0,0,0,1,1
101909777,45000,2024-06-14,2,2,1,0,0,0,1,7
101910595,230000,2024-06-14,7,1,1,0,0,0,1,1
102574244,90000,2024-06-24,5,1,1,0,0,0,1,1
97836503,80000,2024-04-25,2,1,1,0,0,0,1,5
97837179,110000,2024-04-25,6,2,1,0,0,0,1,1
100609065,100000,2024-05-29,2,2,1,0,0,0,1,1
100609761,150000,2024-05-29,7,1,1,0,0,0,1,1
100611669,80000,2024-05-29,1,2,3,0,0,0,2,7
98588892,90000,2024-05-08,1,1,2,0,0,0,1,1
98589175,150000,2024-05-08,4,2,2,0,0,0,1,1
101061119,90000,2024-06-03,9,2,1,0,0,0,1,1
101061792,100000,2024-06-03,2,2,1,0,0,0,3,1
101063230,40000,2024-06-03,5,1,3,0,0,0,1,1
96694455,90000,2024-04-11,4,1,1,0,0,0,1,1
96694493,60000,2024-04-11,2,1,2,0,1,0,1,1
96695223,87900,2024-04-11,4,1,1,0,0,0,1,5
96695392,80000,2024-04-11,2,2,3,0,0,0,2,7
96697365,120000,2024-04-11,2,1,1,0,0,0,1,1
96697957,146000,2024-04-11,2,1,1,0,0,0,1,7
96698672,110000,2024-04-11,3,1,1,0,0,0,1,1
101577736,70000,2024-06-09,2,2,1,1,0,0,1,7
101579453,120000,2024-06-09,2,2,1,0,0,0,1,1
101582532,800000,2024-06-09,3,2,2,0,0,0,1,5
101820697,79000,2024-06-13,3,1,1,0,0,0,1,1
101822575,82133,2024-06-13,1,1,1,0,0,0,1,5
101822911,50000,2024-06-13,6,1,1,0,0,0,1,1
101823545,50000,2024-06-13,2,2,1,0,0,0,1,1
102422654,100000,2024-06-21,6,3,1,0,0,0,1,1
102423370,60000,2024-06-21,2,1,1,0,0,0,1,1
102423877,70000,2024-06-21,2,1,1,0,0,0,1,6
102424163,80000,2024-06-21,5,1,1,0,0,0,1,1
102424215,75000,2024-06-21,10,1,1,0,0,0,1,5
97679056,250000,2024-04-23,2,1,1,0,0,0,1,1
97681372,170000,2024-04-23,5,1,1,0,0,0,1,6
97684563,130000,2024-04-23,9,1,1,0,0,0,1,5
96811753,90000,2024-04-12,8,3,1,0,0,0,1,1
96813797,230000,2024-04-12,2,1,2,0,0,0,1,7
96814546,90000,2024-04-12,6,1,1,0,0,0,1,1
96815145,150000,2024-04-12,7,1,1,0,0,0,1,1
96815857,270000,2024-04-12,2,1,2,0,0,0,1,6
99564489,120000,2024-05-20,2,1,1,0,0,0,1,5
99564614,45000,2024-05-20,2,2,3,0,0,0,1,1
99564785,100000,2024-05-20,7,3,1,0,0,0,3,1
99564786,100000,2024-05-20,7,3,1,0,0,0,3,1
99564784,100000,2024-05-20,7,3,1,0,0,0,3,1
99564783,100000,2024-05-20,7,3,1,0,0,0,3,1
99564877,100000,2024-05-20,7,3,1,0,0,0,3,1
99566938,75000,2024-05-20,6,1,1,0,0,0,1,1
99567792,50000,2024-05-20,6,1,1,0,0,0,1,6
99569159,41000,2024-05-20,9,1,3,0,0,0,1,1
98751772,60000,2024-05-13,6,1,1,0,0,0,1,1
98751789,100000,2024-05-13,3,1,1,0,0,0,1,7
98753528,73000,2024-05-13,9,1,1,0,0,0,1,1
98754196,90000,2024-05-13,3,2,3,0,0,0,2,7
98754195,90000,2024-05-13,1,2,3,0,0,0,2,7
98754447,30000,2024-05-13,10,1,1,0,0,0,1,1
98754866,100000,2024-05-13,9,1,2,0,0,0,1,5
101288938,70000,2024-06-05,9,2,1,0,0,0,1,1
101291803,250000,2024-06-05,2,1,2,0,0,0,1,1
97432807,150000,2024-04-19,2,2,1,1,0,0,1,6
97433654,173000,2024-04-19,7,1,1,0,0,0,1,5
97434356,70000,2024-04-19,6,1,3,0,0,0,1,1
98322726,150000,2024-05-03,2,1,1,0,0,0,1,1
98322984,60000,2024-05-03,2,1,3,0,0,0,1,1
98323009,137000,2024-05-03,3,1,1,0,0,0,1,7
98323740,46000,2024-05-03,8,1,3,0,0,0,1,1
98324428,130000,2024-05-03,2,1,1,0,0,0,1,5
97225529,50000,2024-04-17,8,1,3,0,0,0,1,1
97226299,35000,2024-04-17,1,1,3,0,0,0,2,1
97227287,55000,2024-04-17,1,1,3,0,0,0,1,1
97227390,90000,2024-04-17,2,1,1,0,0,0,1,5
97227947,35000,2024-04-17,9,1,3,0,0,0,2,1
97228507,30000,2024-04-17,1,1,1,0,0,0,1,1
97228898,170000,2024-04-17,2,1,1,0,0,0,1,7
97229103,100000,2024-04-17,1,2,1,0,0,0,1,7
97230229,90000,2024-04-17,10,1,2,0,0,0,1,1
97230271,140000,2024-04-17,2,1,1,0,0,0,1,6
102337632,350000,2024-06-20,10,2,2,0,0,0,1,1
102338040,350000,2024-06-20,10,2,2,0,0,0,1,1
96398703,110000,2024-04-08,9,1,3,0,0,0,1,6
96399880,38100,2024-04-08,10,3,3,0,0,0,1,5
96400078,30000,2024-04-08,9,3,1,0,0,0,1,7
96401644,45000,2024-04-08,3,1,1,0,0,0,1,1
97073549,120000,2024-04-16,5,1,1,0,0,0,1,1
97073764,80000,2024-04-16,5,1,1,0,0,0,1,1
97076290,17700,2024-04-16,5,1,3,0,0,0,3,5
96980134,80000,2024-04-16,6,1,1,0,0,0,1,1
99163220,125000,2024-05-16,7,1,1,0,0,0,1,1
99164126,115000,2024-05-16,7,1,1,0,0,0,1,3
99165109,70000,2024-05-16,1,1,3,0,0,0,1,7
99165693,150000,2024-05-16,2,1,1,0,0,0,1,7
100467823,70000,2024-05-28,2,1,1,0,0,0,1,1
100467939,41000,2024-05-28,9,2,3,1,0,0,1,1
100468389,41000,2024-05-28,3,2,3,1,0,0,1,1
100468553,41000,2024-05-28,3,2,3,1,0,0,1,1
100468612,41000,2024-05-28,6,2,3,1,0,0,1,1
100468680,41000,2024-05-28,4,2,3,1,0,0,1,1
100468794,41000,2024-05-28,4,2,3,1,0,0,1,1
100468841,41000,2024-05-28,8,2,3,1,0,0,1,1
100468895,41000,2024-05-28,8,2,3,1,0,0,1,1
100469112,110000,2024-05-28,3,2,1,0,0,0,1,3
100469244,110000,2024-05-28,2,2,1,0,0,0,1,3
100469331,110000,2024-05-28,1,2,1,0,0,0,1,3
100469444,50000,2024-05-28,9,1,1,0,0,0,1,1
98205610,36000,2024-05-02,3,1,1,0,0,0,1,1
98205635,55000,2024-05-02,3,1,3,0,0,0,1,1
102059364,70000,2024-06-17,6,1,3,0,0,0,1,1
101163869,130000,2024-06-04,2,1,1,0,0,0,1,1
101169036,136000,2024-06-04,7,1,1,0,0,0,1,5
101169571,90000,2024-06-04,4,1,1,0,0,0,1,1
101170995,50000,2024-06-04,2,1,3,0,0,0,1,1
99325313,70000,2024-05-18,8,1,1,0,0,0,1,1
101911449,58500,2024-06-14,10,1,3,0,0,0,1,1
101473784,175000,2024-06-07,3,2,2,0,0,0,1,1
97438264,200000,2024-04-19,7,1,1,0,0,0,1,1
101384090,120000,2024-06-06,2,2,1,0,0,0,1,7
102574656,320000,2024-06-24,2,1,2,0,0,0,1,1
102575220,90000,2024-06-24,1,2,3,0,0,0,1,7
102575219,90000,2024-06-24,6,2,3,0,0,0,1,7
102576033,50000,2024-06-24,2,2,1,0,0,0,1,3
102576384,60000,2024-06-24,4,1,1,0,0,0,1,1
98463152,240000,2024-05-06,2,1,1,0,0,0,1,6
99725142,74500,2024-05-21,9,1,1,0,0,0,1,5
99726622,44000,2024-05-21,3,1,3,0,0,0,1,1
99726837,250000,2024-05-21,4,2,2,0,0,0,3,7
101590277,75000,2024-06-10,5,2,1,0,0,0,1,1
101594392,78000,2024-06-10,5,1,1,0,0,0,1,5
101595219,120000,2024-06-10,5,1,2,0,0,0,1,1
101597169,88000,2024-06-10,5,1,1,0,0,0,1,1
96533035,60000,2024-04-09,7,1,1,0,0,0,1,1
96533168,150000,2024-04-09,2,2,1,0,0,0,1,1
96533641,140000,2024-04-09,7,1,2,0,0,0,1,5
96533741,140000,2024-04-09,2,1,1,0,0,0,1,3
96533892,70000,2024-04-09,8,2,2,0,0,0,1,1
96534648,92100,2024-04-09,4,1,1,0,0,0,1,1
96534649,92100,2024-04-09,4,1,1,0,0,0,1,1
96534650,92100,2024-04-09,4,1,1,0,0,0,1,1
101825818,92800,2024-06-13,6,1,1,0,0,0,1,5
101826222,230000,2024-06-13,2,1,1,0,0,0,1,7
97839000,100000,2024-04-25,2,1,2,0,0,0,1,1
102148122,80000,2024-06-18,5,1,1,0,0,0,1,1
102150807,250000,2024-06-18,7,1,2,0,0,0,1,1
102246279,120000,2024-06-19,2,1,1,0,0,0,1,7
102247386,80000,2024-06-19,2,1,1,1,0,0,1,1
102247968,150000,2024-06-19,7,1,1,0,0,0,1,7
102249161,50000,2024-06-19,5,1,2,0,0,0,1,1
98889709,370000,2024-05-14,9,2,2,0,0,0,1,1
98891673,360000,2024-05-14,5,2,2,1,0,0,1,6
98891817,100000,2024-05-14,2,1,1,0,0,0,1,5
98892452,50000,2024-05-14,2,1,3,0,0,0,2,1
96404810,100000,2024-04-08,2,1,2,0,0,0,1,1
101064352,160000,2024-06-03,2,1,2,0,0,0,1,5
101067490,85000,2024-06-03,2,1,3,0,0,0,1,5
101067721,150000,2024-06-03,2,1,1,0,0,0,1,5
99573023,200000,2024-05-20,2,2,2,0,0,0,1,3
99933881,105000,2024-05-23,5,1,1,0,0,0,1,5
99935983,350000,2024-05-23,2,2,2,1,0,0,1,6
98327609,90000,2024-05-03,4,1,1,0,0,0,1,5
98327762,90000,2024-05-03,4,1,1,0,0,0,1,5
96701445,195000,2024-04-11,2,2,1,0,0,0,1,7
97079373,60000,2024-04-16,3,2,1,0,0,0,1,1
97082987,120000,2024-04-16,8,1,1,0,0,0,1,1
97084380,51200,2024-04-16,4,1,3,0,0,0,1,1
97084455,65000,2024-04-16,10,1,1,0,0,0,1,1
98589815,99200,2024-05-08,7,1,3,0,0,0,1,5
98202983,80000,2024-05-08,6,1,1,0,0,0,1,1
98202982,80000,2024-05-08,6,1,1,0,0,0,1,1
98202330,99600,2024-05-08,6,1,1,0,0,0,1,1
98202329,99600,2024-05-08,6,1,1,0,0,0,1,1
98591243,67800,2024-05-08,10,1,1,0,0,0,3,7
100294171,80000,2024-05-27,2,2,3,0,0,0,2,6
100296142,80000,2024-05-27,6,1,2,0,0,0,1,1
100296786,30000,2024-05-27,3,1,3,0,0,0,1,1
96406289,220000,2024-04-08,2,1,1,0,0,0,1,1
96406364,500000,2024-04-08,2,2,2,0,0,0,4,1
102064136,60000,2024-06-17,3,2,1,0,0,0,1,1
102067099,150000,2024-06-17,4,1,3,0,0,0,1,1
102067104,150000,2024-06-17,8,1,3,0,0,0,1,1
102067123,150000,2024-06-17,2,1,3,0,0,0,1,1
99378925,115000,2024-05-18,7,1,3,0,0,0,1,5
99378938,139680,2024-05-18,2,1,1,0,0,0,1,5
99378943,115000,2024-05-18,7,1,1,0,0,0,1,5
99379017,156000,2024-05-18,7,1,1,0,0,0,1,5
99379520,158600,2024-05-18,7,1,1,0,0,0,1,5
99379548,98000,2024-05-18,7,1,1,0,0,0,1,5
99379556,156000,2024-05-18,7,1,1,0,0,0,1,5
99379555,108000,2024-05-18,7,1,3,0,0,0,1,5
99379561,63400,2024-05-18,1,1,3,0,0,0,1,5
99379595,173000,2024-05-18,7,1,1,0,0,0,1,5
99379598,115000,2024-05-18,7,1,1,0,0,0,1,5
99379596,115000,2024-05-18,7,1,3,0,0,0,1,5
99379658,145000,2024-05-18,7,1,2,0,0,0,1,5
99379659,173000,2024-05-18,7,1,1,0,0,0,1,5
99379722,63400,2024-05-18,1,1,3,0,0,0,1,5
101915137,300000,2024-06-14,1,2,2,0,0,0,4,3
101915351,120000,2024-06-14,7,1,2,0,0,0,1,5
101915350,120000,2024-06-14,7,1,2,0,0,0,1,5
101915531,55000,2024-06-14,9,1,1,0,0,0,1,1
101916494,125000,2024-06-14,7,1,1,0,0,0,1,5
101916660,136000,2024-06-14,7,1,1,0,0,0,1,5
101173305,150000,2024-06-04,8,1,1,1,0,0,1,1
101192459,150000,2024-06-04,7,1,1,0,1,0,1,1
101192460,150000,2024-06-04,7,1,1,0,1,0,1,1
101600440,119400,2024-06-10,6,1,1,0,0,0,1,5
102578881,100000,2024-06-24,2,1,1,0,0,0,1,7
102579144,65000,2024-06-24,3,1,1,0,0,0,1,1
102579482,130000,2024-06-24,3,1,1,0,0,0,1,1
102579544,100000,2024-06-24,3,1,1,0,0,0,1,1
102426993,500000,2024-06-21,2,1,1,0,0,0,1,5
102427615,180000,2024-06-21,2,1,3,0,0,0,1,7
100612687,158000,2024-05-29,7,1,1,0,0,0,1,5
100613123,120000,2024-05-29,7,1,2,0,0,0,1,5
100615251,110000,2024-05-29,6,2,1,0,0,0,1,1
100615249,97000,2024-05-29,2,1,1,0,0,0,1,6
100615722,90000,2024-05-29,1,1,2,0,0,0,1,6
97443841,27000,2024-04-19,10,3,3,0,0,0,3,5
97444049,115000,2024-04-19,5,1,1,0,0,0,1,6
97230669,70000,2024-04-17,10,1,2,0,0,0,1,1
97231194,50000,2024-04-17,9,1,1,0,0,0,1,1
97233310,55000,2024-04-17,2,1,1,0,0,0,1,1
97235977,55000,2024-04-17,2,1,1,0,0,0,1,1
97236238,170000,2024-04-17,2,1,1,0,0,0,1,1
97236458,60000,2024-04-17,10,1,1,0,0,0,1,1
101700048,80000,2024-06-11,3,1,1,0,0,0,1,7
101702593,200000,2024-06-11,4,2,1,0,0,0,1,1
101307361,65000,2024-06-05,5,1,3,0,0,0,1,1
101308534,70000,2024-06-05,6,1,3,0,0,0,1,3
99031769,1450000,2024-05-15,4,1,3,0,0,0,1,5
99032468,80000,2024-05-15,5,1,1,0,0,0,1,1
99033477,55000,2024-05-15,4,1,1,0,0,0,1,3
100472124,70000,2024-05-28,3,1,1,0,0,0,1,1
100474211,130000,2024-05-28,2,1,1,0,0,0,1,6
100474392,220000,2024-05-28,2,1,1,0,0,0,1,1
97686172,90000,2024-04-23,5,1,1,0,0,0,1,1
97688926,175000,2024-04-23,2,2,2,0,0,0,1,1
97691110,100000,2024-04-23,2,1,1,0,0,0,1,5
101827924,92000,2024-06-13,1,1,1,0,0,0,1,1
96818942,69000,2024-04-12,1,1,1,0,0,0,1,5
96822049,80000,2024-04-12,4,1,1,0,0,0,1,5
96822236,100000,2024-04-12,2,1,1,0,0,0,1,1
98756131,48000,2024-05-13,9,1,1,0,0,0,1,5
98756844,96000,2024-05-13,2,1,1,0,0,0,1,7
98757459,40000,2024-05-13,3,1,3,0,0,0,1,5
98757643,91800,2024-05-13,1,1,1,0,0,0,1,5
98757875,86600,2024-05-13,4,1,3,0,0,0,1,7
98758606,55000,2024-05-13,1,1,3,0,0,0,1,1
98759099,82800,2024-05-13,1,1,1,0,0,0,1,5
98759578,90000,2024-05-13,5,2,1,0,0,0,1,1
102341313,200000,2024-06-20,3,2,1,0,0,0,1,6
102343580,100000,2024-06-20,5,1,1,0,0,0,1,1
102343684,130000,2024-06-20,2,1,2,0,0,0,1,6
98465358,70000,2024-05-06,4,1,1,0,0,0,1,1
98466440,62000,2024-05-06,1,1,1,0,0,0,1,1
98895500,120000,2024-05-14,2,2,1,0,0,0,1,1
98895499,120000,2024-05-14,8,2,1,0,0,0,1,1
98895695,180000,2024-05-14,2,1,2,0,0,0,1,1
98895753,160000,2024-05-14,6,1,1,0,0,0,1,3
98896496,150000,2024-05-14,7,1,1,0,0,0,1,5
99166536,115000,2024-05-16,7,1,3,0,0,0,1,5
99167401,156000,2024-05-16,7,1,1,0,0,0,1,5
99167965,156000,2024-05-16,7,1,1,0,0,0,1,5
99169223,60000,2024-05-16,3,1,2,0,0,0,1,5
99169626,50000,2024-05-16,4,1,3,0,0,0,1,1
102152331,75000,2024-06-18,6,1,1,0,0,0,1,1
102153517,172095,2024-06-18,7,1,1,0,0,0,1,5
102154022,300000,2024-06-18,2,2,2,0,0,0,1,6
102154207,100328,2024-06-18,1,1,1,0,0,0,1,1
98209910,90000,2024-05-02,2,1,2,0,0,0,1,1
98210955,170000,2024-05-02,8,2,1,0,0,0,1,1
98211571,45000,2024-05-02,5,1,1,0,0,0,1,1
98211586,80000,2024-05-02,1,1,1,0,0,0,1,1
98212496,110000,2024-05-02,2,1,1,0,0,0,1,5
99579130,115000,2024-05-20,7,3,3,0,0,0,1,5
99390264,114750,2024-05-18,7,1,1,0,0,0,1,5
98331273,30000,2024-05-03,3,1,1,0,0,0,1,1
98331945,55000,2024-05-03,6,1,3,0,0,0,1,1
98332885,65000,2024-05-03,3,1,1,0,0,0,1,1
98333079,55000,2024-05-03,2,1,1,0,0,0,1,1
101206043,50000,2024-06-04,10,2,3,0,0,0,1,5
101068993,115000,2024-06-03,2,1,1,0,0,0,1,1
101071098,55000,2024-06-03,5,1,1,0,0,0,1,1
96540022,30000,2024-04-09,4,1,3,0,0,0,1,1
96540143,200000,2024-04-09,2,1,1,0,0,0,1,6
96540554,70000,2024-04-09,2,1,1,0,0,0,1,1
96540958,75000,2024-04-09,2,3,3,0,0,0,1,7
102250444,190000,2024-06-19,5,2,1,0,0,0,1,6
102251459,150000,2024-06-19,7,1,1,0,0,0,1,1
102068627,80000,2024-06-17,5,2,3,0,0,0,2,6
102068668,80000,2024-06-17,6,1,1,0,0,0,1,1
102069013,250000,2024-06-17,5,1,2,0,0,0,1,1
100301879,55000,2024-05-27,2,1,1,0,0,0,1,1
100302527,69300,2024-05-27,9,1,3,0,0,0,1,5
100303152,230000,2024-05-27,4,2,2,0,0,0,1,1
100304443,80000,2024-05-27,2,1,1,0,0,0,1,3
101602054,100000,2024-06-10,10,3,2,0,0,0,2,5
101603965,120000,2024-06-10,1,3,2,0,0,0,1,5
101604467,170000,2024-06-10,7,1,1,0,0,0,1,1
101604468,170000,2024-06-10,7,1,1,0,0,0,1,1
101604466,170000,2024-06-10,7,1,1,0,0,0,1,1
96707314,280000,2024-04-11,8,1,2,0,0,0,1,6
96707309,280000,2024-04-11,2,1,2,0,0,0,1,6
96707319,280000,2024-04-11,4,1,2,0,0,0,1,6
96707311,280000,2024-04-11,10,1,2,0,0,0,1,6
96707316,280000,2024-04-11,3,1,2,0,0,0,1,6
96707313,280000,2024-04-11,9,1,2,0,0,0,1,6
96707315,280000,2024-04-11,1,1,2,0,0,0,1,6
96707310,280000,2024-04-11,6,1,2,0,0,0,1,6
96707312,280000,2024-04-11,4,1,2,0,0,0,1,6
96710296,230000,2024-04-11,4,1,1,0,0,0,1,7
96710336,150000,2024-04-11,3,1,1,0,0,0,1,1
101704535,70000,2024-06-11,10,1,1,0,0,0,1,7
98594446,173000,2024-05-08,7,1,1,0,0,0,1,5
98595944,50000,2024-05-08,3,2,3,0,0,0,1,6
98596522,80000,2024-05-08,9,2,3,0,0,0,2,7
98596734,139680,2024-05-08,2,1,1,0,0,0,1,5
98596741,150000,2024-05-08,7,1,1,0,0,0,1,5
98596972,80000,2024-05-08,2,2,3,0,0,0,2,7
102429191,80000,2024-06-21,6,1,1,0,0,0,1,1
102429229,80000,2024-06-21,6,1,1,0,0,0,1,1
102431102,69000,2024-06-21,1,1,1,0,0,0,1,1
97448978,35000,2024-04-19,9,2,3,0,0,0,1,1
97451780,27000,2024-04-19,10,3,3,0,0,0,3,5
97451918,27000,2024-04-19,10,3,3,0,0,0,1,5
97452299,70000,2024-04-19,3,1,3,0,0,0,1,1
99943383,125000,2024-05-23,6,1,1,0,0,0,1,1
99944092,57000,2024-05-23,2,1,1,0,0,0,1,1
99944104,120000,2024-05-23,5,1,3,0,0,0,1,1
101308560,90000,2024-06-05,6,1,2,0,0,0,1,1
101309160,140000,2024-06-05,5,1,1,0,0,0,1,7
101830253,100000,2024-06-13,2,1,1,0,0,0,1,7
101830393,68000,2024-06-13,10,1,3,0,0,0,1,5
98471301,120000,2024-05-06,2,1,1,0,0,0,1,5
98471391,126750,2024-05-06,7,1,1,0,0,0,1,5
98471393,105000,2024-05-06,7,1,3,0,0,0,1,5
98471793,60000,2024-05-06,2,1,3,0,0,0,2,6
98471794,60000,2024-05-06,3,1,3,0,0,0,2,6
102580905,63000,2024-06-24,1,1,1,0,0,0,1,1
102581021,100000,2024-06-24,4,1,1,0,0,0,1,1
102581814,76800,2024-06-24,10,1,1,0,0,0,1,1
102581898,148609,2024-06-24,7,1,1,0,0,0,1,5
97088249,91800,2024-04-16,1,1,1,0,0,0,1,5
97088329,350000,2024-04-16,10,2,2,0,0,0,1,6
97089220,138200,2024-04-16,7,1,1,0,0,0,1,5
97089857,150000,2024-04-16,5,2,1,0,0,0,1,6
97090352,80000,2024-04-16,7,1,1,0,0,0,1,1
97090498,120000,2024-04-16,9,2,2,0,0,0,1,1
99035466,115000,2024-05-15,7,1,3,0,0,0,1,5
102345519,175000,2024-06-20,2,1,1,0,0,0,1,1
102345584,100000,2024-06-20,3,1,2,0,0,0,1,7
102345846,150000,2024-06-20,8,2,1,0,0,0,1,6
102346354,70000,2024-06-20,2,1,1,0,0,0,1,1
102154674,150000,2024-06-18,3,1,2,0,0,0,1,5
102155763,100000,2024-06-18,2,1,2,0,0,0,1,5
101477811,70000,2024-06-07,6,1,1,0,0,0,1,1
97871457,96000,2024-04-25,5,1,1,0,0,0,1,1
97871626,156000,2024-04-25,7,1,1,0,0,0,1,5
97872149,156000,2024-04-25,7,1,1,0,0,0,1,5
97872417,108000,2024-04-25,7,1,1,0,0,0,1,5
97873115,150000,2024-04-25,3,1,1,0,0,0,1,1
97873294,173000,2024-04-25,7,1,1,0,0,0,1,5
97873305,144000,2024-04-25,2,1,1,0,0,0,1,5
97873817,50000,2024-04-25,9,2,1,0,0,0,1,1
97874798,115000,2024-04-25,7,1,1,0,0,0,1,5
97875305,70000,2024-04-25,6,1,1,0,0,0,1,1
97875311,115000,2024-04-25,7,1,1,0,0,0,1,5
97875472,70000,2024-04-25,8,1,3,0,0,0,1,6
97875471,80000,2024-04-25,4,1,1,0,0,0,1,6
97876587,76200,2024-04-25,4,1,3,0,0,0,1,7
97877044,47300,2024-04-25,6,1,1,0,0,0,1,1
99727830,150000,2024-05-21,2,1,1,0,0,0,1,1
99729288,200000,2024-05-21,1,2,2,0,0,0,1,3
99729880,227950,2024-05-21,7,1,1,0,0,0,1,5
99730513,50000,2024-05-21,2,1,3,0,0,0,1,3
99732248,160000,2024-05-21,2,1,2,0,0,0,1,5
96824081,80000,2024-04-12,4,1,1,0,0,0,1,5
96825408,120000,2024-04-12,2,1,1,1,0,0,1,3
101923438,34600,2024-06-14,2,1,3,0,0,0,2,1
101924079,60000,2024-06-14,9,1,1,0,0,0,1,3
101924126,220000,2024-06-14,2,2,1,0,0,0,1,6
101924129,100000,2024-06-14,6,1,1,0,0,0,1,7
102071077,195000,2024-06-17,7,1,1,0,0,0,1,5
102071144,80000,2024-06-17,10,2,3,0,0,0,2,6
102072880,49000,2024-06-17,5,1,3,0,0,0,1,1
102073288,90000,2024-06-17,3,2,3,0,0,0,1,7
102073286,90000,2024-06-17,9,2,3,0,0,0,1,7
102073556,50000,2024-06-17,9,1,3,0,0,0,1,1
102065639,82000,2024-06-17,7,1,1,0,0,0,1,6
101605179,172095,2024-06-10,7,1,1,0,0,0,1,5
101605445,70000,2024-06-10,5,1,1,0,0,0,1,3
101607085,80000,2024-06-10,2,2,1,0,0,0,1,7
101607222,80000,2024-06-10,10,1,1,1,0,0,1,1
101607252,70000,2024-06-10,6,1,3,0,0,0,1,1
98899678,110000,2024-05-14,2,1,1,0,0,0,1,1
98899740,60000,2024-05-14,4,1,3,0,0,0,1,1
98900844,180000,2024-05-14,9,1,2,0,0,0,1,1
98903285,70000,2024-05-14,5,1,1,0,0,0,1,1
97693554,60000,2024-04-23,9,1,1,0,0,0,1,5
97696745,60000,2024-04-23,2,1,1,0,0,0,1,6
98335699,200000,2024-05-03,4,1,1,0,0,0,1,1
98335949,300000,2024-05-03,4,1,2,0,0,0,1,1
98335979,200000,2024-05-03,4,1,2,0,0,0,1,1
98336229,120000,2024-05-03,2,4,1,0,0,0,1,7
98338551,300000,2024-05-03,9,2,2,0,0,0,1,1
98338569,150000,2024-05-03,2,1,2,0,0,0,1,6
100617713,160000,2024-05-29,7,1,2,0,0,0,1,5
100619673,92000,2024-05-29,4,1,1,0,0,0,1,6
100620261,93000,2024-05-29,7,1,1,0,0,0,1,1
100480902,30000,2024-05-28,10,1,3,0,0,0,1,1
97236985,260000,2024-04-17,2,2,2,0,0,0,1,3
97239036,150000,2024-04-17,7,1,2,0,0,0,1,5
97240620,80000,2024-04-17,2,1,1,0,0,0,1,1
98598068,250000,2024-05-08,2,1,2,0,0,0,1,1
98598295,250000,2024-05-08,2,1,2,0,0,0,1,1
98598796,110000,2024-05-08,3,1,2,0,0,0,1,5
98600082,97000,2024-05-08,2,1,1,0,0,0,1,5
98600163,120000,2024-05-08,2,2,2,0,0,0,1,6
98600961,80000,2024-05-08,4,1,1,0,0,0,1,1
99171435,90000,2024-05-16,9,2,1,0,0,0,1,7
99175344,85000,2024-05-17,8,2,1,0,0,0,1,1
102434154,136000,2024-06-21,7,1,1,0,0,0,1,5
100304626,120000,2024-05-27,2,1,1,0,0,0,1,1
100304972,130000,2024-05-27,3,1,1,0,0,0,1,1
100305488,100000,2024-05-27,5,2,1,0,0,0,1,1
100306568,200000,2024-05-27,8,2,2,0,0,0,1,7
100307564,230000,2024-05-27,7,2,1,0,0,0,1,1
102348876,120000,2024-06-20,7,1,2,0,0,0,1,1
102160252,150000,2024-06-18,4,1,1,0,0,0,1,1
101075599,60000,2024-06-03,5,2,1,0,0,0,1,7
96712510,160000,2024-04-11,4,1,1,0,0,0,1,1
96712495,160000,2024-04-11,3,1,1,0,0,0,1,1
96712500,160000,2024-04-11,2,1,1,0,0,0,1,1
96712502,160000,2024-04-11,1,1,1,0,0,0,1,1
96712509,160000,2024-04-11,3,1,1,0,0,0,1,1
96712499,160000,2024-04-11,4,1,1,0,0,0,1,1
96712508,160000,2024-04-11,5,1,1,0,0,0,1,1
96712506,160000,2024-04-11,3,1,1,0,0,0,1,1
96712496,160000,2024-04-11,3,1,1,0,0,0,1,1
96712497,160000,2024-04-11,10,1,1,0,0,0,1,1
96712511,160000,2024-04-11,8,1,1,0,0,0,1,1
96713307,60000,2024-04-11,2,2,1,0,0,0,1,7
96713707,32000,2024-04-11,1,4,3,0,0,0,1,1
96713799,32000,2024-04-11,4,4,3,0,0,0,1,1
96715651,110000,2024-04-11,5,1,2,0,1,0,1,5
101833308,215400,2024-06-13,7,1,1,0,0,0,1,5
101835257,112000,2024-06-13,2,1,1,0,0,0,1,7
102253758,60000,2024-06-19,2,1,3,0,0,0,1,1
102254878,350000,2024-06-19,10,1,2,0,0,0,1,1
102255243,90000,2024-06-19,6,1,1,0,0,0,1,7
101479952,55000,2024-06-07,1,1,1,0,0,0,1,1
101480283,56500,2024-06-07,8,1,3,0,0,0,1,5
101481310,150000,2024-06-07,6,1,2,0,0,0,1,1
98214423,90000,2024-05-02,6,1,2,0,0,0,1,1
96419318,149000,2024-04-08,2,1,1,0,0,0,1,5
96420465,180000,2024-04-08,4,2,2,0,0,0,1,1
96420464,180000,2024-04-08,3,2,2,0,0,0,1,1
96420463,180000,2024-04-08,9,2,2,0,0,0,1,1
101394428,66000,2024-06-06,9,1,3,0,0,0,1,1
101395291,100000,2024-06-06,4,2,1,0,0,0,1,3
97454045,80000,2024-04-19,3,1,3,0,0,0,1,7
97454080,100000,2024-04-19,3,1,1,0,0,0,1,1
97454717,40000,2024-04-19,3,1,3,0,0,0,1,1
97454871,80000,2024-04-19,5,2,3,0,0,0,2,6
97455479,50000,2024-04-19,3,1,1,0,0,0,1,1
97457130,80000,2024-04-20,5,1,2,0,0,0,1,1
97457807,300000,2024-04-20,2,2,2,0,0,0,1,1
97458342,170000,2024-04-20,2,2,1,1,0,0,1,6
101222117,82133,2024-06-04,1,1,1,0,0,0,1,5
99580462,50000,2024-05-20,3,1,3,0,1,0,1,1
99582018,150000,2024-05-20,9,1,1,0,0,0,1,7
99582019,45000,2024-05-20,1,1,1,0,0,0,1,1
99582971,120000,2024-05-20,2,1,1,1,0,0,1,3
99584548,1450000,2024-05-20,4,1,3,0,0,0,1,5
99584836,158600,2024-05-20,7,1,1,0,0,0,1,5
101924271,70000,2024-06-14,5,1,1,0,0,0,1,7
101924943,65500,2024-06-14,4,1,1,0,0,0,1,5
101927641,250000,2024-06-14,2,2,2,0,0,0,1,1
101927705,170000,2024-06-14,2,1,2,0,0,0,1,6
101709640,90000,2024-06-11,9,2,1,0,0,0,1,5
101710261,30000,2024-06-11,3,1,3,0,0,0,1,1
99044565,35000,2024-05-15,5,1,1,0,0,0,1,1
99044794,80000,2024-05-15,3,2,3,0,0,0,2,7
98601994,70000,2024-05-08,5,1,1,0,0,0,1,5
98603914,230000,2024-05-08,2,2,1,0,0,0,1,1
98604514,100000,2024-05-08,7,1,1,0,0,0,1,1
102074411,250000,2024-06-17,2,1,2,0,0,0,1,7
102075140,45300,2024-06-17,3,1,3,0,0,0,1,1
102075862,190000,2024-06-17,6,2,1,0,0,0,1,6
102076987,82133,2024-06-17,1,1,1,0,0,0,1,5
99475467,40000,2024-05-19,3,1,3,0,0,0,1,6
99481365,800000,2024-05-19,2,1,2,0,0,0,1,5
102435073,70000,2024-06-21,4,1,1,0,0,0,1,1
102436232,125000,2024-06-21,9,1,2,0,0,0,1,5
102436741,80000,2024-06-21,1,2,3,0,0,0,2,6
102438036,60000,2024-06-21,3,1,1,0,0,0,1,3
102438032,60000,2024-06-21,9,1,1,0,0,0,1,3
102438035,60000,2024-06-21,6,1,1,0,0,0,1,3
98905247,65000,2024-05-14,2,1,3,0,0,0,1,1
98905326,65000,2024-05-14,2,1,3,0,0,0,1,1
98905401,65000,2024-05-14,2,1,3,0,0,0,1,1
98905858,60000,2024-05-14,4,1,1,0,0,0,1,1
98907329,120000,2024-05-14,1,2,1,1,0,0,1,6
96543053,69000,2024-04-09,1,1,1,0,0,0,1,5
96543776,100000,2024-04-09,2,1,1,0,0,0,1,7
96545756,120000,2024-04-10,6,1,1,0,0,0,1,1
96546485,63225,2024-04-10,4,1,2,0,0,0,1,5
96548422,300000,2024-04-10,2,1,2,0,0,0,1,1
98340198,63400,2024-05-03,1,1,3,0,0,0,1,5
98340598,40000,2024-05-03,9,1,3,0,0,0,1,1
98340881,120000,2024-05-03,2,2,1,0,0,0,1,1
98341771,300000,2024-05-03,2,2,2,0,0,0,1,1
99946424,100000,2024-05-23,6,1,2,0,0,0,1,6
99947289,150000,2024-05-23,6,1,1,0,0,0,1,6
99948268,100000,2024-05-23,9,1,1,0,0,0,1,5
99948620,55000,2024-05-23,2,1,3,0,0,0,1,1
99949107,200000,2024-05-23,4,2,1,0,0,0,1,7
99949199,150000,2024-05-23,2,1,1,0,0,0,1,1
99949198,50000,2024-05-23,6,1,1,0,0,0,1,3
102584420,110000,2024-06-24,2,1,1,0,0,0,1,1
102585800,100000,2024-06-24,5,1,2,0,0,0,1,7
102585860,80000,2024-06-24,2,1,1,0,0,0,1,1
102586664,90000,2024-06-24,2,2,1,0,0,0,1,1
96830713,160000,2024-04-12,3,1,1,0,0,0,1,1
96831243,120000,2024-04-12,2,1,1,0,0,0,1,1
96832483,250000,2024-04-12,2,2,2,0,0,0,1,7
96834126,250000,2024-04-13,2,1,2,0,0,0,1,6
96834291,80000,2024-04-13,6,1,1,0,0,0,1,1
96834333,99200,2024-04-13,7,1,3,0,0,0,1,5
96835585,120000,2024-04-13,7,1,2,0,0,0,1,5
99737061,85000,2024-05-22,4,1,2,0,0,0,1,5
99739601,45000,2024-05-22,8,1,3,0,0,0,1,1
99739671,30000,2024-05-22,2,2,3,0,1,0,1,1
99741358,75500,2024-05-22,4,1,1,0,0,0,1,7
99741960,88000,2024-05-22,7,1,1,0,0,0,1,5
99745098,80000,2024-05-22,2,1,1,0,0,0,1,6
97698631,45000,2024-04-23,2,1,3,0,0,0,1,1
97698660,110000,2024-04-23,2,1,2,0,0,0,1,5
97700132,80000,2024-04-23,6,1,1,0,0,0,1,6
97700173,80000,2024-04-23,3,1,1,0,0,0,1,7
97700179,250000,2024-04-23,7,3,2,0,0,0,1,6
97700246,100000,2024-04-23,2,1,1,0,0,0,1,1
97700264,60000,2024-04-23,6,1,1,0,0,0,1,1
97700716,80000,2024-04-23,5,1,1,0,0,0,1,1
97702923,120000,2024-04-23,3,2,1,0,0,0,1,1
97702920,120000,2024-04-23,2,2,1,0,0,0,1,1
97702921,120000,2024-04-23,9,2,1,0,0,0,1,1
97702922,120000,2024-04-23,1,2,1,0,0,0,1,1
101609011,110000,2024-06-10,2,1,1,0,0,0,1,5
100625647,40000,2024-05-29,2,2,1,0,0,0,3,1
100626927,40000,2024-05-29,8,1,1,0,0,0,1,6
100627209,70000,2024-05-29,9,1,1,0,0,0,1,3
100627165,160000,2024-05-29,7,1,1,0,0,0,1,5
100627544,82800,2024-05-29,1,1,1,0,0,0,1,5
100627662,70000,2024-05-29,2,1,3,0,0,0,1,1
100628120,80000,2024-05-29,9,2,3,0,0,0,2,6
97879164,130000,2024-04-25,3,1,1,0,0,0,1,1
97879163,130000,2024-04-25,3,1,1,0,0,0,1,1
97879169,130000,2024-04-25,3,1,1,0,0,0,1,1
97879165,130000,2024-04-25,3,1,1,0,0,0,1,1
97879167,130000,2024-04-25,2,1,1,0,0,0,1,1
102162007,70000,2024-06-18,1,1,1,0,0,0,1,1
101717003,85000,2024-06-11,4,1,1,0,0,0,1,1
102349915,240000,2024-06-20,2,2,2,0,0,0,1,7
102351543,250000,2024-06-20,10,2,2,0,0,0,1,1
102352822,180000,2024-06-20,2,1,3,0,0,0,1,6
98478369,160000,2024-05-06,2,1,1,0,0,0,1,5
101837351,73000,2024-06-13,9,1,1,0,0,0,1,1
101837428,80000,2024-06-13,3,1,1,0,0,0,1,3
101838444,60000,2024-06-13,10,2,3,0,0,0,1,5
101839296,60000,2024-06-13,10,1,3,0,0,0,1,5
101225947,150000,2024-06-04,8,1,1,0,0,0,1,1
101226031,101000,2024-06-04,1,1,1,0,0,0,1,5
98764002,120000,2024-05-13,2,1,1,0,0,0,1,7
98764198,120000,2024-05-13,2,1,1,0,0,0,1,5
98764808,70000,2024-05-13,1,1,1,1,0,0,1,7
98765159,70000,2024-05-13,2,2,1,0,0,0,1,1
98765420,50000,2024-05-13,10,1,3,0,0,0,2,7
97091302,100000,2024-04-16,9,2,1,0,0,0,1,1
97091854,430000,2024-04-16,2,1,3,0,0,0,1,6
97093464,90000,2024-04-16,1,1,1,0,0,0,1,1
97093924,114600,2024-04-16,7,1,1,0,0,0,1,5
97094720,80000,2024-04-16,3,1,1,0,0,0,1,1
97095861,51000,2024-04-16,9,1,1,0,0,0,1,5
97096135,120000,2024-04-16,2,1,1,0,0,0,1,5
98217965,35000,2024-05-02,10,1,1,0,0,0,1,1
98221682,45000,2024-05-02,1,1,1,0,0,0,1,1
100310534,60000,2024-05-27,2,1,3,1,0,0,1,1
100310778,90000,2024-05-27,5,1,1,0,0,0,1,1
100310865,80000,2024-05-27,5,1,3,0,0,0,1,1
100314709,100000,2024-05-27,3,1,1,0,0,0,1,1
100315028,70000,2024-05-27,9,2,1,0,0,0,1,1
101078633,90000,2024-06-03,4,1,2,0,0,0,1,1
101079963,45000,2024-06-03,9,3,3,0,0,0,2,1
101080048,200000,2024-06-03,2,2,1,0,0,0,1,1
100481336,110000,2024-05-28,5,2,1,0,0,0,1,1
100482682,41000,2024-05-28,4,2,3,1,0,0,1,1
100483262,41000,2024-05-28,4,2,3,1,0,0,1,1
100484127,41000,2024-05-28,6,2,3,1,0,0,1,1
100484808,41000,2024-05-28,6,2,3,1,0,0,1,1
100485350,41000,2024-05-28,4,2,3,1,0,0,1,1
100485640,41000,2024-05-28,9,2,3,1,0,0,1,1
99178592,60000,2024-05-17,3,1,1,0,0,0,1,1
99179044,120000,2024-05-17,2,3,2,0,0,0,1,1
99179045,120000,2024-05-17,5,2,2,0,0,0,1,1
99179231,120000,2024-05-17,4,2,2,0,0,0,1,1
99179232,75000,2024-05-17,4,2,1,0,0,0,1,1
99179762,60000,2024-05-17,3,2,1,0,0,0,1,1
99181857,35000,2024-05-17,1,1,3,0,0,0,1,3
99185538,200000,2024-05-17,2,2,1,0,0,0,1,7
96427153,160000,2024-04-08,2,1,2,0,0,0,1,7
96716316,80000,2024-04-11,1,1,1,0,0,0,1,1
96716873,140000,2024-04-11,5,1,1,0,0,0,1,3
96718164,80000,2024-04-11,1,1,1,0,0,0,1,1
96719811,150000,2024-04-11,2,1,2,0,0,0,1,1
96720658,100000,2024-04-11,6,1,1,0,0,0,1,1
96720682,60000,2024-04-11,4,1,1,0,0,0,1,1
101928206,80000,2024-06-14,3,1,2,0,0,0,1,1
101928583,80000,2024-06-14,8,1,1,0,0,0,1,7
101930553,70000,2024-06-14,5,2,1,0,0,0,1,1
101931097,60000,2024-06-14,4,1,1,0,0,0,1,7
101931897,80000,2024-06-14,2,2,3,0,0,0,2,6
98604734,200000,2024-05-08,7,1,2,0,0,0,1,5
98604832,116625,2024-05-08,7,1,1,0,0,0,1,5
98606043,250000,2024-05-08,2,1,2,0,0,0,1,6
98606418,88000,2024-05-08,10,1,1,0,0,0,1,5
98606811,120000,2024-05-08,2,1,1,0,0,0,1,1
98606926,60000,2024-05-08,9,1,1,0,0,0,1,1
102438392,80000,2024-06-21,2,2,3,0,0,0,2,7
102438781,125000,2024-06-21,7,1,1,0,0,0,1,5
102439039,25000,2024-06-21,2,1,3,0,0,0,2,6
97461964,300000,2024-04-20,2,2,2,0,0,0,1,3
97461966,300000,2024-04-20,3,2,2,0,0,0,1,3
97461965,300000,2024-04-20,9,2,2,0,0,0,1,3
97462064,60000,2024-04-20,2,2,1,0,1,0,1,7
97465057,70000,2024-04-20,3,2,2,0,0,0,1,1
97465510,167000,2024-04-20,2,1,1,0,0,0,1,6
102077276,56500,2024-06-17,8,1,3,0,0,0,1,5
102077926,80000,2024-06-17,3,2,3,0,0,0,2,6
102078772,100000,2024-06-17,2,1,1,0,0,0,1,1
102079199,200000,2024-06-17,7,1,2,0,0,0,1,5
102079512,76700,2024-06-17,6,1,1,0,0,0,1,3
102079927,70000,2024-06-17,8,1,1,0,0,0,1,1
102079926,70000,2024-06-17,8,1,1,0,0,0,1,1
101315665,200000,2024-06-05,2,1,2,0,0,0,1,5
102256464,120000,2024-06-19,5,1,1,0,0,0,1,6
102256710,85000,2024-06-19,6,1,1,0,0,0,1,1
102257301,82133,2024-06-19,1,1,1,0,0,0,1,5
99587355,130000,2024-05-20,2,1,2,0,0,0,1,1
99590696,130000,2024-05-20,7,1,2,0,0,0,1,5
102587431,160000,2024-06-24,7,1,1,0,0,0,1,5
102587443,175000,2024-06-24,2,1,1,0,0,0,1,7
102589316,60000,2024-06-24,4,2,1,0,0,0,1,1
d2c927f0-c3fb-11ee-bdca-e73e8fa159bf,29000,2024-06-24,1,1,1,0,0,0,4,1
98908726,90000,2024-05-14,2,1,2,0,0,0,1,1
98909151,110000,2024-05-14,2,1,1,0,0,0,1,1
98909472,150000,2024-05-14,3,2,1,0,1,0,1,5
98909697,180000,2024-05-14,2,1,1,0,0,0,1,7
101611638,180000,2024-06-10,2,2,1,0,0,0,1,1
99047462,50000,2024-05-15,9,1,3,0,0,0,2,7
99048825,100000,2024-05-15,9,2,1,0,0,0,1,3
99050042,100000,2024-05-15,8,1,2,0,0,0,1,1
99050230,115000,2024-05-15,6,1,2,0,0,0,1,5
101722844,40000,2024-06-11,4,1,3,0,0,0,1,1
101722880,100000,2024-06-11,5,1,1,0,0,0,1,1
101724228,34000,2024-06-11,10,1,3,0,0,0,1,5
101724812,35000,2024-06-11,3,1,3,0,0,0,1,1
97243470,230000,2024-04-17,4,2,2,0,0,0,1,6
97243632,80000,2024-04-17,3,2,3,0,0,0,2,6
97245354,130000,2024-04-18,3,2,1,0,0,0,1,7
97245577,80000,2024-04-18,6,2,1,0,0,0,1,1
97245579,80000,2024-04-18,3,2,1,0,0,0,1,1
97245576,80000,2024-04-18,2,2,1,0,0,0,1,1
97245578,80000,2024-04-18,5,2,1,0,0,0,1,1
97251984,180000,2024-04-18,2,2,1,0,0,0,1,1
98226126,40000,2024-05-02,9,2,1,0,0,0,1,1
101487557,120000,2024-06-07,7,1,3,0,0,0,1,5
101488048,56400,2024-06-07,4,2,3,0,0,0,1,1
101227897,115000,2024-06-04,9,1,1,0,0,0,1,5
101229568,150000,2024-06-04,2,1,2,0,0,0,1,5
98343342,50000,2024-05-03,10,2,3,0,0,0,2,1
98346622,112800,2024-05-03,10,1,2,0,0,0,1,1
101840112,350000,2024-06-13,8,1,2,0,0,0,1,7
101840107,350000,2024-06-13,5,1,2,0,0,0,1,7
101840109,350000,2024-06-13,3,1,2,0,0,0,1,7
101840113,350000,2024-06-13,4,1,2,0,0,0,1,7
101840121,350000,2024-06-13,10,1,2,0,0,0,1,7
101840105,350000,2024-06-13,9,1,2,0,0,0,1,7
101840120,350000,2024-06-13,2,1,2,0,0,0,1,7
101840106,350000,2024-06-13,3,1,2,0,0,0,1,7
101840104,350000,2024-06-13,3,1,2,0,0,0,1,7
101840103,350000,2024-06-13,3,1,2,0,0,0,1,7
101840110,350000,2024-06-13,6,1,2,0,0,0,1,7
101840117,350000,2024-06-13,1,1,2,0,0,0,1,7
101840308,60000,2024-06-13,10,1,3,0,0,0,1,5
101841126,200000,2024-06-13,2,1,1,0,0,0,1,1
101841937,150000,2024-06-13,7,1,1,0,0,0,1,7
101402340,120000,2024-06-06,2,1,1,0,0,0,1,7
99747770,227950,2024-05-22,7,1,1,0,0,0,1,5
99750621,150000,2024-05-22,7,1,1,0,0,0,1,5
96836087,120000,2024-04-13,7,1,2,0,0,0,1,5
96837149,115000,2024-04-13,3,1,1,0,0,0,1,1
96837365,230000,2024-04-13,7,1,1,0,0,0,1,1
96837632,60000,2024-04-13,3,1,3,0,0,0,1,1
96837631,60000,2024-04-13,3,1,3,0,0,0,1,1
96837871,65000,2024-04-13,3,1,1,0,0,0,1,1
96848643,101850,2024-04-13,7,1,1,0,0,0,1,5
99516991,120000,2024-05-20,5,1,1,0,0,0,1,6
99518984,95000,2024-05-20,7,3,1,0,0,0,1,6
97704416,47000,2024-04-23,5,1,3,0,0,0,1,1
97704682,24040,2024-04-23,2,1,3,0,0,0,1,1
97706157,230000,2024-04-23,4,2,2,0,0,0,1,1
97709415,150000,2024-04-23,2,1,1,0,0,0,1,1
101934677,80000,2024-06-14,4,1,2,0,0,0,1,5
101934980,110000,2024-06-14,3,1,1,0,0,0,1,1
101935106,60000,2024-06-14,8,1,1,0,0,0,1,3
101935626,300000,2024-06-14,4,2,2,0,0,0,1,1
98479329,120000,2024-05-06,2,1,1,0,0,0,1,1
98479704,70000,2024-05-06,5,1,1,0,0,0,1,1
98479780,55000,2024-05-06,8,1,1,0,0,0,1,1
98481625,120000,2024-05-06,2,4,1,0,0,0,1,1
97097024,159000,2024-04-16,7,1,1,0,0,0,1,5
97098105,46000,2024-04-16,6,1,1,0,0,0,1,1
97098726,75000,2024-04-16,1,1,1,0,0,0,1,6
97099921,100000,2024-04-16,1,1,1,0,0,0,1,1
97099970,176300,2024-04-16,7,1,1,0,0,0,1,5
97100520,70000,2024-04-16,2,1,1,0,0,0,1,6
97100849,120000,2024-04-16,2,1,1,0,0,0,1,5
97100984,220000,2024-04-16,5,1,2,0,0,0,1,1
98767623,120000,2024-05-13,3,1,1,0,0,0,1,1
98767627,120000,2024-05-13,1,1,1,0,0,0,1,1
98767624,120000,2024-05-13,3,1,1,0,0,0,1,1
98767622,120000,2024-05-13,3,1,1,0,0,0,1,1
98767626,120000,2024-05-13,9,1,1,0,0,0,1,1
98767743,75000,2024-05-13,2,1,3,0,0,0,1,1
98770043,80000,2024-05-13,3,1,1,0,0,0,1,1
98770073,55000,2024-05-13,2,1,3,0,0,0,1,1
98770335,120000,2024-05-13,2,2,2,0,0,0,1,1
96550001,80000,2024-04-10,8,1,3,0,0,0,1,1
96550078,55000,2024-04-10,4,1,3,0,0,0,1,1
96553826,300000,2024-04-10,2,2,2,0,0,0,1,3
98609229,50000,2024-05-08,6,1,3,0,0,0,1,1
98609995,80000,2024-05-08,6,1,1,0,0,0,1,1
98609996,80000,2024-05-08,6,1,1,0,0,0,1,1
98610252,65000,2024-05-08,2,1,1,0,0,0,1,1
98611159,90000,2024-05-08,10,2,1,0,0,0,1,1
98611738,76840,2024-05-08,6,1,1,0,0,0,1,5
96721429,120000,2024-04-11,8,2,1,0,0,0,1,1
96721430,120000,2024-04-11,2,2,1,0,0,0,1,1
96721603,90000,2024-04-11,8,3,1,0,0,0,1,1
96721776,95000,2024-04-11,4,1,1,0,0,0,1,1
96722500,120000,2024-04-11,2,1,1,0,0,0,1,5
96724360,80000,2024-04-11,1,1,2,0,0,0,1,5
96725410,60000,2024-04-11,4,1,1,0,0,0,1,1
96725449,90000,2024-04-11,10,1,1,0,0,0,1,1
96726204,100000,2024-04-11,2,1,1,0,0,0,1,1
100320257,35000,2024-05-27,1,1,3,0,0,0,2,1
100320545,350000,2024-05-27,2,2,2,0,0,0,1,1
100322296,200000,2024-05-27,7,1,2,0,0,0,1,7
100323336,230000,2024-05-27,7,1,1,0,0,0,1,1
100323338,160000,2024-05-27,2,1,2,0,0,0,1,1
100486838,38000,2024-05-28,1,2,3,1,0,0,1,1
100487021,41000,2024-05-28,5,2,3,1,0,0,1,1
100487550,100000,2024-05-28,4,1,2,0,0,0,1,1
100488658,80000,2024-05-28,4,1,3,0,0,0,1,6
100488884,41000,2024-05-28,3,2,3,1,0,0,1,1
100488964,41000,2024-05-28,6,2,3,1,0,0,1,1
100489068,41000,2024-05-28,8,2,3,1,0,0,1,1
100489109,41000,2024-05-28,9,2,3,1,0,0,1,1
100489138,41000,2024-05-28,3,2,3,1,0,0,1,1
100489197,41000,2024-05-28,6,2,3,1,0,0,1,1
100489234,41000,2024-05-28,6,2,3,1,0,0,1,1
100489567,41000,2024-05-28,4,2,3,1,0,0,1,1
100489658,41000,2024-05-28,3,2,3,1,0,0,1,1
100490148,90000,2024-05-28,2,1,1,0,0,0,1,7
100490292,60000,2024-05-28,6,1,3,0,0,0,1,1
100490327,41000,2024-05-28,3,2,3,1,0,0,1,1
100490384,80000,2024-05-28,9,1,3,0,0,0,1,5
100490852,53000,2024-05-28,10,1,3,0,0,0,1,5
99950894,55000,2024-05-23,3,2,3,0,0,0,1,1
99952428,80000,2024-05-23,6,2,3,0,0,0,2,7
99955481,200000,2024-05-23,6,2,1,0,0,0,1,7
99955647,200000,2024-05-23,2,2,2,0,0,0,1,7
99956348,66000,2024-05-23,9,1,1,0,0,0,1,1
102591850,80000,2024-06-24,2,1,1,0,0,0,1,1
101727560,150000,2024-06-11,2,1,1,0,0,0,1,6
101729263,110000,2024-06-11,2,2,1,0,0,0,1,6
101729375,120000,2024-06-11,3,1,1,0,0,0,1,1
101729396,120000,2024-06-11,6,1,1,0,0,0,1,1
100628982,200000,2024-05-30,5,1,1,0,0,0,1,1
100630206,340000,2024-05-30,4,1,3,0,0,0,1,1
100633472,40000,2024-05-30,4,1,3,0,0,0,1,1
97886071,340000,2024-04-25,2,1,2,0,0,0,1,6
97886996,300000,2024-04-25,2,1,2,0,0,0,1,6
97887173,85100,2024-04-25,4,1,2,0,0,0,1,7
97887757,84000,2024-04-25,9,1,1,0,0,0,1,5
97888348,150000,2024-04-25,2,2,1,0,0,0,1,1
97888568,270000,2024-04-25,2,1,2,0,0,0,1,6
98913606,30000,2024-05-14,10,1,3,0,0,0,1,7
98914586,100000,2024-05-14,6,1,1,0,0,0,1,3
ebc61555-bf6a-11ee-b974-cb26dff57dd7,50000,2024-05-14,2,1,1,0,0,0,1,1
98915528,180000,2024-05-14,2,3,2,0,0,0,1,1
98916150,100000,2024-05-14,2,1,1,0,0,0,1,7
99520396,120000,2024-05-20,2,1,2,0,0,0,1,1
99516010,100000,2024-05-20,5,1,1,0,0,0,1,5
101404429,172000,2024-06-06,1,1,1,0,0,0,1,7
101404652,100000,2024-06-06,8,3,1,0,0,0,1,1
101230040,80000,2024-06-04,5,1,1,0,0,0,1,1
96427797,250000,2024-04-08,9,2,1,0,0,0,1,6
96427885,100000,2024-04-08,9,2,1,0,0,0,1,3
96430529,150000,2024-04-08,9,1,1,0,0,0,1,6
96431577,125000,2024-04-08,7,1,1,0,0,0,1,5
96431619,190000,2024-04-08,7,3,1,0,0,0,1,1
96431617,190000,2024-04-08,7,3,1,0,0,0,1,1
96431788,100000,2024-04-08,2,1,1,0,0,0,1,7
96431855,60000,2024-04-08,3,1,1,0,0,0,1,1
96432295,35000,2024-04-08,2,1,3,0,0,0,1,1
102444385,80000,2024-06-21,4,1,1,0,0,0,1,1
101486669,100000,2024-06-07,5,1,1,0,0,0,1,1
101489354,200000,2024-06-07,7,1,2,0,0,0,1,7
101845050,60000,2024-06-13,2,1,1,0,0,0,1,7
101845255,70000,2024-06-13,4,1,1,0,0,0,1,1
101845450,200000,2024-06-13,2,1,2,0,0,0,1,7
101845805,160000,2024-06-13,3,1,1,0,0,0,1,7
101845804,160000,2024-06-13,3,1,1,0,0,0,1,7
101845808,160000,2024-06-13,5,1,1,0,0,0,1,7
101845807,160000,2024-06-13,6,1,1,0,0,0,1,7
101845800,160000,2024-06-13,3,1,1,0,0,0,1,7
101845816,160000,2024-06-13,8,1,1,0,0,0,1,7
101845806,160000,2024-06-13,3,1,1,0,0,0,1,7
101845814,160000,2024-06-13,4,1,1,0,0,0,1,7
101845812,160000,2024-06-13,1,1,1,0,0,0,1,7
101845817,160000,2024-06-13,9,1,1,0,0,0,1,7
101845811,160000,2024-06-13,2,1,1,0,0,0,1,7
101845803,160000,2024-06-13,3,1,1,0,0,0,1,7
101846261,65000,2024-06-13,2,1,1,0,0,0,1,1
101847193,60000,2024-06-13,7,1,1,0,0,0,1,5
96867436,80000,2024-04-13,6,2,1,0,0,0,1,1
96873719,40000,2024-04-13,2,1,1,0,0,0,1,1
96875221,80000,2024-04-13,9,1,2,0,0,0,1,1
99050901,100000,2024-05-15,4,1,2,0,0,0,1,1
99051438,100000,2024-05-15,3,1,1,0,0,0,1,1
99051452,103100,2024-05-15,6,1,1,0,0,0,1,5
99053898,180000,2024-05-15,10,1,1,1,0,0,1,7
99055884,140000,2024-05-15,7,1,2,0,0,0,1,1
99055929,140000,2024-05-15,7,1,2,0,0,0,1,1
99056076,140000,2024-05-15,7,1,1,0,0,0,1,1
102259373,180000,2024-06-19,4,1,1,0,0,0,1,3
102259387,91200,2024-06-19,4,1,1,0,0,0,1,1
102259591,120000,2024-06-19,8,1,3,0,0,0,1,1
102260812,50000,2024-06-19,6,1,3,0,0,0,1,6
102260825,125000,2024-06-19,7,1,1,0,0,0,1,5
97506711,250000,2024-04-20,2,1,2,0,0,0,1,5
97509322,150000,2024-04-21,2,1,3,1,0,0,1,6
97533805,100000,2024-04-21,5,2,1,0,0,0,1,1
97545146,180000,2024-04-21,6,2,1,0,0,0,1,6
101936511,150000,2024-06-14,2,2,3,1,0,0,1,1
98347958,120000,2024-05-03,3,2,1,0,0,0,1,1
98348810,80500,2024-05-03,10,1,1,0,0,0,1,7
98350901,48000,2024-05-03,9,1,1,0,0,0,1,1
101085223,350000,2024-06-03,2,2,2,0,0,0,1,1
101086456,190000,2024-06-03,2,2,2,0,0,0,1,6
97549075,80000,2024-04-21,10,1,3,0,1,0,1,1
99189172,90000,2024-05-17,9,2,3,0,0,0,2,7
99189216,100000,2024-05-17,2,3,1,1,0,0,1,1
99202911,170000,2024-05-17,2,1,1,0,0,0,1,6
101614659,60000,2024-06-10,3,1,3,0,1,0,1,7
101616199,174600,2024-06-10,7,1,1,0,0,0,1,5
101616279,90000,2024-06-10,6,1,1,0,0,0,1,1
102084458,170000,2024-06-17,7,1,1,0,0,0,1,7
102084495,250000,2024-06-17,2,1,1,0,0,0,1,1
102084756,30000,2024-06-17,3,1,3,0,0,0,1,1
99590763,112000,2024-05-20,2,1,1,0,0,0,1,1
99590848,100000,2024-05-20,4,2,2,0,0,0,1,5
99591193,100000,2024-05-20,9,2,2,0,0,0,1,5
99591778,250000,2024-05-20,3,2,2,0,0,0,1,1
99593327,150000,2024-05-20,6,1,1,0,0,0,1,1
99593787,110000,2024-05-20,2,1,2,0,0,0,1,5
98234225,130000,2024-05-02,3,1,1,0,0,0,1,1
98234943,103100,2024-05-02,6,1,1,0,0,0,1,5
102593880,50000,2024-06-24,8,1,3,0,0,0,1,6
102594742,250000,2024-06-24,2,1,2,0,0,0,1,6
102595005,120000,2024-06-24,5,1,1,0,0,0,1,6
96574640,120000,2024-04-10,5,1,2,0,0,0,1,1
96726422,100000,2024-04-11,9,1,2,0,0,0,1,5
96727405,70000,2024-04-11,3,1,1,0,0,0,1,1
96730120,200000,2024-04-11,7,1,2,0,0,0,1,1
96731108,52000,2024-04-11,2,1,3,0,0,0,1,1
96731421,80000,2024-04-11,2,1,1,0,0,0,1,1
98483484,34000,2024-05-06,10,1,3,0,0,0,1,5
98485710,160000,2024-05-06,4,1,1,0,0,0,1,6
98485981,92000,2024-05-06,2,1,1,0,0,0,1,7
97102479,220000,2024-04-16,6,1,2,0,0,0,1,1
97102478,220000,2024-04-16,2,1,2,0,0,0,1,1
97102482,220000,2024-04-16,4,1,2,0,0,0,1,1
97102480,220000,2024-04-16,3,1,2,0,0,0,1,1
97102724,250000,2024-04-16,10,2,2,0,0,0,1,7
97103405,150000,2024-04-16,2,1,3,0,0,0,1,1
97103428,150000,2024-04-16,8,1,3,0,0,0,1,1
97103430,150000,2024-04-16,4,1,3,0,0,0,1,1
97106120,300000,2024-04-16,6,1,1,0,0,0,1,6
97106123,300000,2024-04-16,3,1,1,0,0,0,1,6
97106121,300000,2024-04-16,2,1,1,0,0,0,1,6
97253428,97000,2024-04-18,2,1,1,0,0,0,1,5
97244486,65000,2024-04-18,9,1,1,0,0,0,1,3
97253499,27000,2024-04-18,10,3,3,0,0,0,3,5
97253500,27000,2024-04-18,10,2,3,0,0,0,3,5
97253501,53000,2024-04-18,10,1,3,0,0,0,1,5
97253502,53000,2024-04-18,10,1,3,0,0,0,1,5
97253551,111146,2024-04-18,2,1,1,0,0,0,1,5
97253549,139680,2024-04-18,2,1,1,0,0,0,1,5
97254484,150000,2024-04-18,4,1,1,0,0,0,1,7
97255451,100000,2024-04-18,3,2,1,0,0,0,1,1
97255637,72000,2024-04-18,2,1,1,0,0,0,2,1
97256343,50000,2024-04-18,3,1,1,0,0,0,1,1
97259353,145000,2024-04-18,7,1,2,0,0,0,1,5
97259357,227950,2024-04-18,7,1,1,0,0,0,1,5
97259359,130000,2024-04-18,7,1,1,0,0,0,1,5
97259362,115000,2024-04-18,7,1,1,0,0,0,1,5
97259363,87000,2024-04-18,7,1,3,0,0,0,1,5
97259364,173000,2024-04-18,7,1,1,0,0,0,1,5
97259369,115000,2024-04-18,7,1,1,0,0,0,1,5
97259368,108000,2024-04-18,7,1,3,0,0,0,1,5
97259371,156000,2024-04-18,7,1,1,0,0,0,1,5
97259370,108500,2024-04-18,7,1,3,0,0,0,1,5
97259395,58300,2024-04-18,10,1,3,0,0,0,1,5
97260484,75000,2024-04-18,6,1,1,0,0,0,1,1
97262352,160000,2024-04-18,2,1,2,0,0,0,1,1
101732617,50000,2024-06-11,2,1,1,0,0,0,1,5
101734587,60000,2024-06-11,2,2,2,0,1,0,1,1
101233427,120000,2024-06-04,2,1,1,0,0,0,1,5
101234166,200000,2024-06-04,10,1,2,0,0,0,1,6
101234427,80000,2024-06-04,10,1,3,0,0,0,1,6
101234931,50000,2024-06-04,1,1,3,0,0,0,1,1
101407518,114108,2024-06-06,2,1,1,0,0,0,1,1
101408139,70000,2024-06-06,6,2,1,0,0,0,1,1
101408549,33700,2024-06-06,4,1,3,0,0,0,2,1
101408792,61800,2024-06-06,3,1,1,0,0,0,1,1
98918507,120000,2024-05-14,4,2,1,0,0,0,1,3
98918926,54000,2024-05-14,4,1,3,0,0,0,1,7
98919243,90000,2024-05-14,2,2,1,0,0,0,1,1
98919395,150000,2024-05-14,4,1,3,0,0,0,1,1
98919401,150000,2024-05-14,8,1,3,0,0,0,1,1
98919405,150000,2024-05-14,2,1,3,0,0,0,1,1
98922454,80000,2024-05-14,4,1,3,0,0,0,1,6
98922547,54000,2024-05-14,4,1,3,0,0,0,1,7
101848103,70000,2024-06-13,7,1,1,0,0,0,1,1
101848105,70000,2024-06-13,7,1,1,0,0,0,1,1
101848106,70000,2024-06-13,7,1,1,0,0,0,1,1
101848104,70000,2024-06-13,7,1,1,0,0,0,1,1
101849998,100000,2024-06-13,7,1,2,0,0,0,1,1
101849999,100000,2024-06-13,7,1,2,0,0,0,1,1
101849997,100000,2024-06-13,7,1,2,0,0,0,1,1
101850776,80000,2024-06-13,6,1,2,0,0,0,1,7
100492012,50000,2024-05-28,9,2,1,1,0,0,1,1
100493483,60000,2024-05-28,3,1,1,0,0,0,1,1
100494370,280000,2024-05-28,10,2,2,0,0,0,1,1
98614700,60000,2024-05-08,1,1,3,0,0,0,1,1
102169189,35000,2024-06-18,1,1,1,0,0,0,1,1
102169819,136000,2024-06-18,2,1,1,0,0,0,1,3
102169927,35000,2024-06-18,1,1,3,0,0,0,1,1
102170057,200000,2024-06-18,2,1,1,0,0,0,1,7
101941686,300000,2024-06-14,3,2,2,0,0,0,1,6
101942264,80000,2024-06-14,4,2,2,0,0,0,1,1
101942465,80000,2024-06-14,10,2,3,0,0,0,2,7
101942526,174000,2024-06-14,7,1,1,0,0,0,1,5
102356793,85000,2024-06-20,3,1,1,0,0,0,1,1
102357791,40000,2024-06-20,3,1,3,0,0,0,1,6
102358754,60000,2024-06-20,2,1,3,0,0,0,1,7
101492017,100000,2024-06-07,6,2,2,0,0,0,1,1
101493338,40000,2024-06-07,3,1,1,0,0,0,1,1
101493423,160000,2024-06-07,10,1,2,0,0,0,1,7
101493425,160000,2024-06-07,9,1,2,0,0,0,1,7
101493422,160000,2024-06-07,2,1,2,0,0,0,1,7
101493420,160000,2024-06-07,4,1,2,0,0,0,1,7
101493417,160000,2024-06-07,5,1,2,0,0,0,1,7
101493416,160000,2024-06-07,6,1,2,0,0,0,1,7
101493413,160000,2024-06-07,1,1,2,0,0,0,1,7
101493414,160000,2024-06-07,3,1,2,0,0,0,1,7
101493427,160000,2024-06-07,8,1,2,0,0,0,1,7
96912511,190000,2024-04-14,5,1,2,0,0,0,1,1
96922102,70000,2024-04-14,7,1,1,0,0,0,1,1
97889963,270000,2024-04-25,2,1,2,0,0,0,1,6
97890567,90000,2024-04-25,8,2,1,1,0,0,3,1
97893410,65000,2024-04-25,9,1,1,0,0,0,1,1
99959538,60000,2024-05-23,7,1,1,0,0,0,1,5
99961708,69000,2024-05-23,3,1,1,0,0,0,1,1
99961715,60000,2024-05-23,2,1,3,0,0,0,1,1
99961740,120000,2024-05-23,3,1,1,0,0,0,1,6
96433398,80000,2024-04-08,3,1,3,0,0,0,1,1
96433939,57000,2024-04-08,2,1,1,0,0,0,1,1
96434072,67700,2024-04-08,6,1,1,0,0,0,1,1
96434568,250000,2024-04-08,2,2,2,0,0,0,3,7
96436838,250000,2024-04-08,2,2,2,0,0,0,1,1
96436841,125000,2024-04-08,9,2,1,0,0,0,1,7
96437110,50000,2024-04-08,7,1,3,0,0,0,1,1
96437477,173000,2024-04-08,7,1,1,0,0,0,1,5
101321401,65500,2024-06-05,10,1,3,0,0,0,1,1
101321720,60000,2024-06-05,2,2,1,0,0,0,3,1
100324623,200000,2024-05-27,3,1,1,0,0,0,1,3
100324936,80000,2024-05-27,5,1,1,0,0,0,1,7
100325220,80000,2024-05-27,6,1,1,0,0,0,1,7
100325510,150000,2024-05-27,2,1,2,0,0,0,1,7
100326032,140000,2024-05-27,2,1,1,0,0,0,1,6
100326037,68900,2024-05-27,2,1,1,0,0,0,1,1
100326583,65000,2024-05-27,5,1,3,0,0,0,1,7
100328316,148000,2024-05-27,2,1,1,0,0,0,1,1
100329556,120000,2024-05-27,1,2,1,0,0,0,1,1
100329557,120000,2024-05-27,3,2,1,0,0,0,1,1
100329555,120000,2024-05-27,9,2,1,0,0,0,1,1
100329554,120000,2024-05-27,2,2,1,0,0,0,1,1
98773606,50000,2024-05-13,2,1,3,0,0,0,1,1
98774053,170000,2024-05-13,10,2,1,0,0,0,1,1
98774052,170000,2024-05-13,2,2,1,0,0,0,1,1
98774054,170000,2024-05-13,4,2,1,0,0,0,1,1
102599083,40000,2024-06-24,2,2,3,0,0,0,1,7
96928605,150000,2024-04-14,6,1,2,0,0,0,1,1
99056534,114108,2024-05-15,2,1,1,0,0,0,1,5
99055685,85000,2024-05-15,9,1,2,0,0,0,1,1
99057396,50000,2024-05-15,9,1,1,0,0,0,1,5
99058346,150000,2024-05-15,3,2,2,0,0,0,1,1
99060369,108000,2024-05-15,7,1,3,0,0,0,1,5
99795426,65000,2024-05-22,6,1,3,0,0,0,1,5
99795490,140000,2024-05-22,7,1,1,0,0,0,1,1
101851489,55000,2024-06-13,5,1,1,0,0,0,1,1
101852370,112000,2024-06-13,2,1,1,0,0,0,1,7
101091326,250000,2024-06-03,3,1,3,0,0,0,1,5
101092766,52000,2024-06-03,5,1,1,0,0,0,1,1
101093816,300000,2024-06-03,2,1,2,0,0,0,1,6
101094688,250000,2024-06-03,2,2,1,0,0,0,1,1
99215034,80000,2024-05-17,7,1,1,0,0,0,1,1
99215531,90000,2024-05-17,7,1,1,0,0,0,1,1
99531262,69000,2024-05-20,2,1,1,0,0,0,1,1
101945326,60000,2024-06-14,8,1,1,0,0,0,1,5
102444912,80000,2024-06-21,2,1,1,0,0,0,1,1
102446038,80000,2024-06-21,2,1,1,0,0,0,1,1
102446142,90600,2024-06-21,4,1,1,0,0,0,1,5
102446257,80000,2024-06-21,1,2,3,0,0,0,2,6
102448169,80000,2024-06-21,2,1,2,0,0,0,1,5
97577570,105000,2024-04-22,6,1,2,0,0,0,1,1
97579470,70000,2024-04-22,6,1,1,0,0,0,1,1
97580580,120000,2024-04-22,6,1,1,0,0,0,1,1
97580979,65000,2024-04-22,6,1,3,0,0,0,1,5
101735273,80000,2024-06-11,4,1,3,0,0,0,1,6
101736991,120000,2024-06-11,2,1,1,0,0,0,1,5
101737568,96600,2024-06-11,1,3,1,0,0,0,1,6
101737637,170000,2024-06-11,1,2,1,0,0,0,1,6
101738151,60000,2024-06-11,2,1,3,0,0,0,1,1
101239646,110000,2024-06-04,3,2,1,0,0,0,1,1
101239947,75000,2024-06-04,9,1,1,0,0,0,1,5
101240036,50000,2024-06-04,6,1,1,0,0,0,1,1
98235839,60000,2024-05-02,2,1,1,0,0,0,1,1
98236323,60000,2024-05-02,5,1,3,0,0,0,1,1
99596082,200000,2024-05-20,3,1,2,0,0,0,1,5
99596321,76700,2024-05-20,6,1,1,0,0,0,1,3
99598175,125000,2024-05-20,9,1,2,0,0,0,1,5
99600076,180000,2024-05-20,2,2,2,0,0,0,1,1
102264201,250000,2024-06-19,9,1,2,1,0,0,1,6
102264513,80000,2024-06-19,8,2,3,0,0,0,2,7
102265211,150000,2024-06-19,7,1,1,0,0,0,1,1
101619481,40000,2024-06-10,6,2,3,0,0,0,1,1
96579833,70000,2024-04-10,5,2,1,0,0,0,1,7
96582715,100000,2024-04-10,2,1,2,0,0,0,1,1
98355174,200000,2024-05-03,2,1,2,0,0,0,1,1
98355294,91200,2024-05-03,3,1,1,0,0,0,1,1
98355295,91200,2024-05-03,3,1,1,0,0,0,1,1
97107903,100000,2024-04-16,2,1,1,0,0,0,1,1
98924895,54000,2024-05-14,4,1,3,0,0,0,1,7
98925594,350000,2024-05-14,2,1,2,0,0,0,1,6
98927242,120000,2024-05-14,3,2,1,0,0,0,3,1
98927575,30000,2024-05-14,10,3,1,0,0,0,1,3
98927878,80000,2024-05-14,4,1,1,0,0,0,1,7
96737251,75000,2024-04-11,2,1,3,0,0,0,1,1
96739417,300000,2024-04-11,2,1,2,0,0,0,1,1
96742247,100000,2024-04-12,7,1,1,0,0,0,1,5
100635822,250000,2024-05-30,8,1,1,0,0,0,1,5
100636304,120000,2024-05-30,2,1,1,0,0,0,1,3
100637556,300000,2024-05-30,10,1,1,0,0,0,1,1
100637555,300000,2024-05-30,8,1,1,0,0,0,1,1
100643481,70000,2024-05-30,3,1,1,0,0,0,1,7
97282276,45000,2024-04-18,5,1,3,0,0,0,1,7
97903272,184000,2024-04-25,9,1,2,0,0,0,1,1
102600946,85000,2024-06-24,6,1,1,0,0,0,1,1
101738734,55000,2024-06-11,2,1,1,0,0,0,1,1
101739299,75000,2024-06-11,9,1,1,0,0,0,1,5
101739467,32800,2024-06-11,9,1,3,0,0,0,2,1
101739663,80000,2024-06-11,3,2,3,0,0,0,2,7
100497363,80000,2024-05-28,2,2,3,0,0,0,2,7
100498094,80000,2024-05-28,4,2,3,0,0,0,2,6
100499727,135000,2024-05-28,10,1,1,0,0,0,1,7
100500409,50000,2024-05-28,1,1,3,0,0,0,1,3
100501470,110000,2024-05-28,8,3,1,0,0,0,1,1
102090871,250000,2024-06-17,4,2,2,0,0,0,1,1
102091549,136000,2024-06-17,7,1,1,0,0,0,1,5
102093237,70000,2024-06-17,4,1,1,0,0,0,1,1
98616613,200000,2024-05-08,3,1,1,1,0,0,1,6
98617974,50000,2024-05-08,8,1,1,0,0,0,1,1
98619038,60000,2024-05-08,2,1,1,0,0,0,3,1
101410805,250000,2024-06-06,6,1,2,0,0,0,1,6
98488185,176000,2024-05-06,2,1,1,0,0,0,1,6
98488965,200000,2024-05-07,2,2,2,0,0,0,1,6
98490256,57000,2024-05-07,1,1,1,0,0,0,1,1
98491346,40000,2024-05-07,4,1,3,0,0,0,1,1
101854659,80000,2024-06-13,3,1,1,0,0,0,1,1
101855085,70000,2024-06-13,2,1,1,0,0,0,1,1
101856714,260000,2024-06-13,9,1,2,0,0,0,1,1
101948009,80000,2024-06-14,3,2,1,0,0,0,4,1
101950240,100000,2024-06-14,2,2,1,0,0,0,1,7
96437831,100000,2024-04-08,2,1,2,0,0,0,1,6
96439085,190000,2024-04-08,2,1,2,0,0,0,1,7
96440710,50000,2024-04-08,2,1,1,0,0,0,1,1
99062083,218000,2024-05-15,2,2,1,0,0,0,1,1
99064400,270000,2024-05-15,2,2,2,0,0,0,1,1
102360508,130000,2024-06-20,3,1,2,0,0,0,1,1
102361342,80000,2024-06-20,5,2,1,0,0,0,1,6
100337282,57600,2024-05-27,8,1,3,0,0,0,1,1
99797729,88000,2024-05-22,7,1,1,0,0,0,1,5
99798727,50000,2024-05-22,2,1,3,0,0,0,2,1
101741828,80000,2024-06-11,5,2,2,0,0,0,1,1
96956092,200000,2024-04-15,5,2,1,0,0,0,1,6
96960310,150000,2024-04-15,5,2,1,0,0,0,1,6
102171569,150000,2024-06-18,4,1,1,0,0,0,1,7
102172080,60000,2024-06-18,4,1,1,0,0,0,1,1
102172152,125000,2024-06-18,7,1,1,0,0,0,1,5
102172201,120000,2024-06-18,2,1,1,0,0,0,1,7
102173139,250000,2024-06-18,2,2,2,0,0,0,1,6
97715575,200000,2024-04-23,9,2,1,0,0,0,1,7
97715576,200000,2024-04-23,6,2,1,0,0,0,1,7
97715643,41200,2024-04-23,6,1,1,0,0,0,1,1
97718474,270000,2024-04-23,2,1,1,0,0,0,1,1
97719808,80000,2024-04-23,4,1,3,0,0,0,1,6
97720408,60000,2024-04-23,2,1,2,0,0,0,1,1
101323215,67000,2024-06-05,10,1,3,0,0,0,1,5
101323232,200000,2024-06-05,3,2,1,0,0,0,1,1
101241917,110000,2024-06-04,1,2,1,0,0,0,1,1
101242748,100000,2024-06-04,8,1,2,0,0,0,1,5
101243574,47400,2024-06-04,6,1,3,0,0,0,1,5
101245458,150000,2024-06-04,2,1,3,0,0,0,1,1
101245465,150000,2024-06-04,8,1,3,0,0,0,1,1
101245474,150000,2024-06-04,4,1,3,0,0,0,1,1
98240647,120000,2024-05-02,5,1,1,0,1,0,1,1
98240975,120000,2024-05-02,2,1,1,0,0,0,1,5
99216172,180000,2024-05-17,5,1,1,0,0,0,1,6
99216915,60000,2024-05-17,1,1,3,0,0,0,1,5
99220467,32250,2024-05-17,4,2,3,0,0,0,1,1
97586850,100000,2024-04-22,6,1,2,0,0,0,1,5
97588137,80000,2024-04-22,7,1,2,0,0,0,1,1
99964312,270000,2024-05-23,2,1,2,0,0,0,1,1
99965295,130000,2024-05-23,9,1,1,0,0,0,1,1
99966969,89600,2024-05-23,6,1,1,0,0,0,1,5
99922528,61500,2024-05-23,9,1,3,0,0,0,1,5
101097354,75000,2024-06-03,6,1,3,0,0,0,1,1
98777270,200000,2024-05-13,1,1,2,0,0,0,1,1
98777264,200000,2024-05-13,3,1,2,0,0,0,1,1
98777265,200000,2024-05-13,3,1,2,0,0,0,1,1
98777267,200000,2024-05-13,9,1,2,0,0,0,1,1
98777271,200000,2024-05-13,6,1,2,0,0,0,1,1
101495862,30000,2024-06-07,3,1,3,0,0,0,1,1
101496945,110000,2024-06-07,3,1,2,0,0,0,1,5
97114988,80000,2024-04-16,4,1,3,0,0,0,1,6
98931006,60200,2024-05-14,6,1,1,0,0,0,1,5
98931412,71550,2024-05-14,9,1,1,0,0,0,1,1
98933161,120000,2024-05-14,2,1,3,0,0,0,1,5
98933212,46000,2024-05-14,1,1,1,0,0,0,1,1
102602535,350000,2024-06-24,2,2,2,0,0,0,1,6
102602809,60000,2024-06-24,9,1,1,0,0,0,1,1
102602811,60000,2024-06-24,3,1,1,0,0,0,1,1
102602810,60000,2024-06-24,8,1,1,0,0,0,1,1
102075656,80000,2024-06-24,4,1,1,0,0,0,1,6
102605432,50000,2024-06-24,9,1,3,0,0,0,1,1
102095241,85000,2024-06-17,9,1,1,0,0,0,1,3
102095242,85000,2024-06-17,3,1,1,0,0,0,1,3
102095239,85000,2024-06-17,5,1,1,0,0,0,1,3
102095237,85000,2024-06-17,2,1,1,0,0,0,1,3
102095238,85000,2024-06-17,6,1,1,0,0,0,1,3
102096122,45000,2024-06-17,2,1,3,0,0,0,1,1
102096651,200000,2024-06-17,3,2,1,0,0,0,1,1
102097064,110000,2024-06-17,5,2,1,0,0,0,1,6
102098199,90000,2024-06-17,1,1,2,0,0,0,1,1
96745189,80000,2024-04-12,8,1,1,0,0,0,1,1
96745836,40000,2024-04-12,3,1,2,0,0,0,1,1
96747011,70000,2024-04-12,10,1,1,0,0,0,1,1
96747485,111150,2024-04-12,2,1,1,0,0,0,1,5
96747621,70000,2024-04-12,10,3,1,0,0,0,1,1
96748266,80000,2024-04-12,3,1,1,0,0,0,1,1
101620821,90000,2024-06-10,8,2,3,0,0,0,1,7
101621857,80000,2024-06-10,2,2,1,0,0,0,1,7
101622847,50000,2024-06-10,4,1,3,0,0,0,1,1
101950748,40000,2024-06-14,8,2,3,0,0,0,1,1
101952643,82800,2024-06-14,4,1,1,0,0,0,1,1
101952858,105000,2024-06-14,10,1,3,0,0,0,1,1
100669793,200000,2024-05-30,4,1,3,0,0,0,1,5
102268030,66000,2024-06-19,3,1,1,0,0,0,1,1
99601301,140000,2024-05-20,2,1,2,0,0,0,1,5
99601436,148609,2024-05-20,7,1,1,0,0,0,1,5
99603108,115000,2024-05-20,7,3,3,0,0,0,1,5
99604346,45000,2024-05-20,4,2,1,0,0,0,1,1
98357326,100000,2024-05-03,2,1,1,0,0,0,1,1
98358706,80000,2024-05-03,8,2,1,1,0,0,1,1
98359016,75000,2024-05-04,3,1,1,0,0,0,1,7
98359318,70000,2024-05-04,4,1,1,0,0,0,1,5
97909789,15200,2024-04-25,10,3,3,0,0,0,1,5
97912377,80000,2024-04-25,8,2,3,0,0,0,2,7
97912457,44540,2024-04-25,4,1,1,0,0,0,1,1
97914645,197550,2024-04-25,7,1,1,0,0,0,1,7
101858948,30000,2024-06-13,4,1,3,0,0,0,1,1
101859394,120000,2024-06-13,4,1,1,0,0,0,1,3
101413650,225000,2024-06-06,4,2,2,1,0,0,1,6
101415310,170000,2024-06-06,2,2,1,0,0,0,1,6
99066879,130000,2024-05-16,7,1,2,0,1,0,1,1
99068801,55000,2024-05-16,10,1,3,0,0,0,1,1
99068830,200000,2024-05-16,1,2,2,0,0,0,1,1
99069243,160000,2024-05-16,2,3,1,0,0,0,1,6
99069508,120000,2024-05-16,7,1,2,0,0,0,1,5
99070104,159000,2024-05-16,7,1,1,0,0,0,1,5
99070562,120000,2024-05-16,7,1,2,0,0,0,1,5
99533790,330000,2024-05-20,2,2,2,0,0,0,1,6
99534620,70000,2024-05-20,2,1,1,0,0,0,1,3
99537446,100000,2024-05-20,6,1,1,0,0,0,1,7
99537619,84500,2024-05-20,4,1,2,0,0,0,1,7
99537636,100000,2024-05-20,10,1,1,0,0,0,1,7
101745231,120000,2024-06-11,2,2,1,0,1,0,1,7
101745762,100000,2024-06-11,4,4,1,0,0,0,1,1
101746352,200000,2024-06-11,6,2,4,0,0,0,1,6
101747731,172095,2024-06-11,7,1,1,0,0,0,1,5
96443609,200000,2024-04-08,1,2,1,0,0,0,1,1
96443780,100000,2024-04-08,2,1,1,0,0,0,1,6
102451396,120000,2024-06-22,2,1,1,0,0,0,1,7
100338036,70000,2024-05-27,3,3,1,0,0,0,1,1
100338880,40000,2024-05-27,9,1,3,0,0,0,1,1
100338942,230000,2024-05-27,2,2,1,0,1,0,1,6
100339158,83000,2024-05-27,7,1,1,0,0,0,1,1
100341260,150000,2024-05-27,7,1,1,0,0,0,1,7
100341330,150000,2024-05-27,7,1,1,0,0,0,1,7
100341862,100000,2024-05-27,5,1,1,0,0,0,1,1
98620204,91800,2024-05-08,1,1,1,0,0,0,1,5
98620293,82800,2024-05-08,1,1,1,0,0,0,1,5
98622474,100000,2024-05-08,2,1,1,0,0,0,1,7
101246671,50000,2024-06-04,5,2,1,0,0,0,1,7
96585590,80000,2024-04-10,6,1,1,0,0,0,1,5
96585589,80000,2024-04-10,6,1,1,0,0,0,1,5
102362795,90000,2024-06-20,2,3,1,0,0,0,3,1
102363234,120000,2024-06-20,3,1,1,0,0,0,1,7
102364542,200000,2024-06-20,4,2,1,0,0,0,1,1
102365075,75000,2024-06-20,9,1,4,0,0,0,1,5
97285224,120000,2024-04-18,5,1,1,0,0,0,1,5
97286812,70000,2024-04-18,6,1,3,0,0,0,1,1
97287834,70000,2024-04-18,6,1,3,0,0,0,1,1
97289168,170000,2024-04-18,2,2,1,0,0,0,1,1
97290272,100000,2024-04-18,2,2,1,0,0,0,1,7
97290499,70000,2024-04-18,6,1,3,0,0,0,1,1
97290998,200000,2024-04-18,9,1,3,0,0,0,4,5
96966201,120000,2024-04-15,6,1,1,0,0,0,1,3
101325292,150000,2024-06-05,2,3,1,0,0,0,1,6
101326967,55000,2024-06-05,4,1,1,0,0,0,1,1
102174930,110000,2024-06-18,3,2,1,0,0,0,1,6
102175877,65000,2024-06-18,2,4,1,0,0,0,1,1
99804854,6000,2024-05-22,6,2,3,1,0,0,3,1
99806317,52000,2024-05-22,2,1,3,0,0,0,1,1
99807412,100000,2024-05-22,2,2,1,0,0,0,1,7
99807983,60000,2024-05-22,8,1,1,0,0,0,1,1
101498325,70000,2024-06-07,4,1,1,0,0,0,1,1
101500435,98000,2024-06-07,2,1,1,0,0,0,1,1
102607687,60000,2024-06-24,2,1,3,0,0,0,1,1
102607762,65000,2024-06-24,3,1,3,0,0,0,1,5
102607793,260000,2024-06-24,2,2,2,0,0,0,1,3
99223702,120000,2024-05-17,3,1,1,0,0,0,1,7
99224071,150000,2024-05-17,2,1,2,0,0,0,1,5
99225264,45000,2024-05-17,4,1,1,0,0,0,1,1
102269707,80000,2024-06-19,10,2,3,0,0,0,2,6
102270884,80000,2024-06-19,6,2,3,0,0,0,2,6
100506084,72000,2024-05-28,2,2,3,0,0,0,1,1
100506827,150000,2024-05-28,2,1,2,0,0,0,1,1
97588272,150000,2024-04-22,9,1,1,0,0,0,1,7
97590372,180000,2024-04-22,6,2,1,0,0,0,1,7
97590374,180000,2024-04-22,4,2,1,0,0,0,1,7
97590373,180000,2024-04-22,2,2,1,0,0,0,1,7
97591660,60000,2024-04-22,1,1,3,0,0,0,1,5
97592031,95000,2024-04-22,2,2,2,0,0,0,1,5
97592055,6000,2024-04-22,6,2,3,1,0,0,3,1
97593623,91800,2024-04-22,1,1,1,0,0,0,1,5
97593626,82800,2024-04-22,1,1,1,0,0,0,1,5
102059937,80000,2024-06-17,6,1,1,0,0,0,1,1
96781352,200000,2024-04-12,8,2,2,0,0,0,1,1
96781945,100000,2024-04-12,3,1,1,0,0,0,1,7
99075297,110000,2024-05-16,2,1,2,0,0,0,1,5
99077608,400000,2024-05-16,2,2,2,0,0,0,1,7
101099950,60000,2024-06-03,4,1,3,0,0,0,1,1
101104500,174000,2024-06-03,7,1,1,0,0,0,1,5
99969193,45000,2024-05-23,2,2,3,0,0,0,1,1
99969874,82800,2024-05-23,1,1,1,0,0,0,1,5
99970595,83000,2024-05-23,2,1,1,0,0,0,1,1
99972568,80000,2024-05-23,2,1,1,0,0,0,1,1
99973853,300000,2024-05-23,7,2,2,0,0,0,1,1
101861898,64350,2024-06-13,3,1,1,0,0,0,1,1
98498091,250000,2024-05-07,2,1,1,0,0,0,1,7
98499015,30000,2024-05-07,9,1,3,0,0,0,1,1
98499100,45000,2024-05-07,2,1,3,0,0,0,1,1
98503538,80000,2024-05-07,4,1,1,0,0,0,1,1
101416628,160000,2024-06-06,2,3,1,0,0,0,1,1
97118447,100000,2024-04-16,5,2,1,0,0,0,1,3
97119480,156000,2024-04-16,7,1,1,0,0,0,1,5
101921068,45000,2024-06-14,8,1,3,0,0,0,1,1
101954896,100000,2024-06-14,2,1,1,0,0,0,1,1
101955630,110000,2024-06-14,2,1,1,0,0,0,1,1
101956906,79400,2024-06-15,5,1,1,0,0,0,1,1
97723167,280000,2024-04-23,10,2,2,0,0,0,1,1
97724840,100000,2024-04-23,8,1,1,0,0,0,1,3
97725013,50000,2024-04-23,10,2,3,0,0,0,1,5
97725656,115000,2024-04-23,7,1,1,0,0,0,1,5
97726031,140000,2024-04-23,6,2,1,0,0,0,1,6
97727316,60000,2024-04-23,6,1,3,0,0,0,1,1
98933576,150000,2024-05-14,2,2,1,0,0,0,1,6
98934251,110000,2024-05-14,2,1,2,0,0,0,1,5
98936223,300000,2024-05-14,3,2,2,0,0,0,1,6
98795906,135000,2024-05-14,10,1,1,0,0,0,1,1
98938171,140000,2024-05-14,7,1,1,0,0,0,1,5
99606006,150000,2024-05-20,4,2,1,0,0,0,1,7
99606007,150000,2024-05-20,8,2,1,0,0,0,1,7
99608201,92000,2024-05-20,8,1,1,0,0,0,1,6
99608200,92000,2024-05-20,4,1,1,0,0,0,1,6
99608800,80460,2024-05-20,4,1,1,0,0,0,1,1
99610994,55000,2024-05-21,10,1,1,0,0,0,1,1
101250980,120000,2024-06-04,6,2,1,0,0,0,1,1
101250979,120000,2024-06-04,2,2,1,0,0,0,1,1
101251001,101000,2024-06-04,1,1,1,0,0,0,1,5
101251182,80000,2024-06-04,2,1,1,0,0,0,1,1
101251219,200000,2024-06-04,2,1,2,0,0,0,1,7
98625906,50000,2024-05-08,6,2,3,0,0,0,1,6
98625935,100000,2024-05-08,9,1,1,0,0,0,1,5
97914558,65000,2024-04-25,1,1,1,0,0,0,1,1
97914715,65000,2024-04-25,9,1,1,0,0,0,1,1
97914947,100000,2024-04-25,2,1,1,0,0,0,1,1
97916615,197550,2024-04-25,7,1,1,0,0,0,1,7
97916630,197550,2024-04-25,7,1,1,0,0,0,1,7
97918629,70000,2024-04-25,2,1,1,0,0,0,1,1
97919372,120000,2024-04-25,2,1,2,0,0,0,1,7
97920212,84500,2024-04-25,4,1,1,0,0,0,1,1
97920459,100000,2024-04-25,2,2,1,0,0,0,1,1
98361879,50000,2024-05-04,3,2,1,0,0,0,1,5
98362283,250000,2024-05-04,2,1,2,0,0,0,1,7
d2ccf815-14ad-11ee-84ba-0d972cff014f,19242,2024-06-11,1,1,3,0,0,0,1,1
915c7db5-c1a0-11ee-b40a-1f3aadc834d0,28000,2024-06-11,1,1,3,0,0,0,1,1
ff1de6c0-c19d-11ee-8056-bb4c34bddc95,28000,2024-06-11,1,1,3,0,0,0,1,1
101750576,400000,2024-06-11,2,1,2,0,0,0,1,1
101751428,100000,2024-06-11,3,1,1,0,0,0,1,7
101752293,200000,2024-06-11,2,1,4,0,0,0,1,7
101624070,132000,2024-06-10,2,1,1,0,0,0,1,7
99230244,65000,2024-05-17,4,1,1,0,0,0,1,7
100676030,100000,2024-05-30,6,1,1,0,0,0,1,1
100676911,60000,2024-05-30,5,1,1,0,0,0,1,1
98781229,80000,2024-05-13,6,1,1,0,0,0,1,1
98782367,150000,2024-05-13,2,1,1,0,0,0,1,1
101503403,52000,2024-06-07,1,1,1,0,0,0,1,1
101503495,100000,2024-06-07,4,1,2,0,0,0,1,5
101503509,100000,2024-06-07,2,1,1,0,0,0,1,3
98248342,180000,2024-05-02,2,2,2,0,0,0,1,1
98250382,70000,2024-05-02,3,1,1,0,0,0,1,1
110561b0-0861-11ef-a33e-295bfdef1967,31000,2024-05-02,4,1,3,0,0,0,1,1
98251204,150000,2024-05-02,6,1,1,0,0,0,1,1
97731191,150000,2024-04-23,2,2,2,0,0,0,1,7
100344538,60000,2024-05-27,9,2,1,0,0,0,1,1
100344959,110000,2024-05-27,7,1,1,0,0,0,1,1
100350036,220000,2024-05-27,2,1,1,0,0,0,1,6
100350497,158000,2024-05-27,7,1,1,0,0,0,1,5
102610259,62700,2024-06-24,4,2,1,0,0,0,1,1
102610258,62700,2024-06-24,10,2,1,0,0,0,1,1
102611337,280000,2024-06-24,2,1,2,0,0,0,1,1
102273387,110000,2024-06-19,2,1,1,0,0,0,1,1
102274545,65000,2024-06-19,3,1,2,0,0,0,1,1
102274991,137000,2024-06-19,3,1,1,0,0,0,1,7
102275756,49000,2024-06-19,8,2,1,0,0,0,1,7
102276085,60000,2024-06-19,6,1,1,0,0,0,1,7
102104877,60000,2024-06-17,6,1,1,0,0,0,1,1
101328084,100000,2024-06-05,2,2,1,0,0,0,1,1
101329579,150000,2024-06-05,2,1,2,0,0,0,1,1
101329616,150000,2024-06-05,2,1,1,0,0,0,1,1
101330428,70000,2024-06-05,2,1,1,0,0,0,1,1
102452938,104200,2024-06-22,2,3,1,0,0,0,1,7
102454072,114942,2024-06-22,8,1,1,0,0,0,1,3
102454458,80000,2024-06-22,2,2,3,0,0,0,2,6
102454557,300000,2024-06-22,3,1,1,0,0,0,1,6
102454567,300000,2024-06-22,8,1,1,0,0,0,1,6
102454553,300000,2024-06-22,5,1,1,0,0,0,1,6
102454558,300000,2024-06-22,3,1,1,0,0,0,1,6
102454565,300000,2024-06-22,4,1,1,0,0,0,1,6
102454566,300000,2024-06-22,4,1,1,0,0,0,1,6
102454549,300000,2024-06-22,2,1,1,0,0,0,1,6
102454559,300000,2024-06-22,3,1,1,0,0,0,1,6
102454551,300000,2024-06-22,10,1,1,0,0,0,1,6
102454563,300000,2024-06-22,6,1,1,0,0,0,1,6
102454560,300000,2024-06-22,1,1,1,0,0,0,1,6
102454955,120000,2024-06-22,7,1,2,0,0,0,1,5
102455300,120000,2024-06-22,7,1,2,0,0,0,1,5
102421230,45000,2024-06-22,4,1,3,0,0,0,1,1
102455678,60000,2024-06-22,1,1,3,0,0,0,1,5
102456088,120000,2024-06-22,1,2,1,0,0,0,1,1
102458115,62000,2024-06-22,6,1,3,0,0,0,1,1
102458153,46000,2024-06-22,6,1,1,0,0,0,1,1
96971469,150000,2024-04-15,2,3,1,0,0,0,1,1
96972019,80000,2024-04-15,5,1,1,0,0,0,1,1
96972798,80500,2024-04-15,9,1,1,0,0,0,1,1
96974694,350000,2024-04-15,2,2,2,0,0,0,1,6
96977173,50000,2024-04-15,6,1,3,0,0,0,1,1
99079987,150000,2024-05-16,2,1,1,0,0,0,1,6
99081042,60000,2024-05-16,2,1,3,0,0,0,1,1
99081866,40000,2024-05-16,6,3,3,0,0,0,2,1
99091462,250000,2024-05-16,9,2,1,0,0,0,1,1
101420374,60000,2024-06-06,2,1,3,0,0,0,1,7
101420899,110000,2024-06-06,2,1,1,0,0,0,1,7
101421643,90000,2024-06-06,4,1,2,0,0,0,1,5
96784025,100000,2024-04-12,6,1,1,0,0,0,1,7
96784657,150000,2024-04-12,6,1,1,0,0,0,1,1
96787484,55000,2024-04-12,1,1,1,0,0,0,1,7
96788032,130000,2024-04-12,4,1,1,0,0,0,1,1
96727584,200000,2024-04-12,7,1,1,0,0,0,1,1
96788197,60000,2024-04-12,3,2,1,0,0,0,1,5
96788195,60000,2024-04-12,1,2,1,0,0,0,1,5
96788194,60000,2024-04-12,8,2,1,0,0,0,1,5
96788193,60000,2024-04-12,9,2,1,0,0,0,1,5
96788192,60000,2024-04-12,10,2,1,0,0,0,1,5
100507738,227950,2024-05-28,7,1,1,0,0,0,1,5
100509349,145000,2024-05-28,7,1,1,0,0,0,1,5
100509562,140000,2024-05-28,2,1,3,0,0,0,2,1
100511984,70000,2024-05-28,3,1,1,0,0,0,1,1
97594634,60000,2024-04-22,3,1,2,0,0,0,1,5
97594930,230000,2024-04-22,4,2,2,0,0,0,1,1
97595182,137000,2024-04-22,9,1,2,0,0,0,1,1
97595530,200000,2024-04-22,2,1,1,0,0,0,1,1
97599343,120000,2024-04-22,2,2,2,0,0,0,1,7
97599344,120000,2024-04-22,3,2,2,0,0,0,1,7
99812609,250000,2024-05-22,10,2,2,0,0,0,3,6
99812786,90000,2024-05-22,7,1,2,0,0,0,1,1
99813807,85000,2024-05-22,8,1,1,0,0,0,1,1
101105285,55000,2024-06-03,1,1,1,0,0,0,1,1
101106718,150000,2024-06-03,2,1,1,0,0,0,1,1
101108577,140000,2024-06-03,2,1,2,0,0,0,1,5
101108762,250000,2024-06-03,2,1,2,0,0,0,1,1
102367838,150000,2024-06-20,2,1,2,0,0,0,1,6
102367858,300000,2024-06-20,2,2,2,0,0,0,3,6
102368038,110000,2024-06-20,6,2,1,0,0,0,1,6
102368538,66000,2024-06-20,3,1,1,0,0,0,1,1
101960531,180000,2024-06-15,2,1,2,0,0,0,1,5
101961283,92000,2024-06-15,2,1,1,1,0,0,1,5
102176932,250000,2024-06-18,2,1,2,0,0,0,1,1
102177005,130000,2024-06-18,2,2,1,0,0,0,1,1
102177745,80000,2024-06-18,4,1,1,0,0,0,1,5
102177748,80000,2024-06-18,3,1,1,0,0,0,1,5
102178086,200000,2024-06-18,4,1,1,0,0,0,1,1
102178778,120000,2024-06-18,6,1,1,0,0,0,1,1
102178795,61500,2024-06-18,3,1,1,1,0,0,1,1
102178853,35000,2024-06-18,10,1,1,0,0,0,1,1
99235345,67000,2024-05-17,3,1,1,0,0,0,1,1
99236490,130000,2024-05-17,3,2,1,0,0,0,1,7
101865655,100000,2024-06-13,3,1,1,0,0,0,1,7
97736708,70000,2024-04-23,3,1,1,0,0,0,1,1
98626736,69000,2024-05-08,1,1,1,0,0,0,1,5
98627472,150000,2024-05-08,6,1,2,0,0,0,1,6
98628794,153000,2024-05-08,2,1,2,0,0,0,1,1
98604673,111150,2024-05-09,2,1,1,0,0,0,1,5
98366068,60000,2024-05-04,3,1,1,0,0,0,1,1
98366497,50000,2024-05-04,2,1,3,0,0,0,2,6
101253584,136000,2024-06-04,1,1,1,0,0,0,1,1
101254473,30000,2024-06-04,3,1,3,0,0,0,1,1
98514281,60000,2024-05-07,2,1,1,0,0,0,3,1
3fce0ba5-e1f1-11ee-b62e-e7d0d2cf29b1,50000,2024-04-08,2,3,3,0,0,0,4,1
96447406,65000,2024-04-09,3,1,1,0,0,0,1,5
96449122,200000,2024-04-09,2,1,2,0,0,0,1,3
96450798,46000,2024-04-09,1,1,1,0,0,0,1,1
96451085,100000,2024-04-09,10,1,1,0,0,0,1,1
96451610,200000,2024-04-09,7,1,2,0,0,0,1,5
96451612,200000,2024-04-09,7,1,2,0,0,0,1,5
96451733,78000,2024-04-09,3,1,1,0,0,0,1,5
98247164,120000,2024-05-02,2,4,1,0,0,0,1,1
98255641,120000,2024-05-02,3,1,1,0,0,0,1,3
97292322,70000,2024-04-18,6,1,3,0,0,0,1,1
97292747,40000,2024-04-18,6,1,1,0,0,0,1,1
97293326,70000,2024-04-18,6,1,3,0,0,0,1,1
100678520,30000,2024-05-30,3,1,3,0,0,0,1,1
100679479,60000,2024-05-30,5,1,1,0,0,0,1,1
100682096,110000,2024-05-30,6,1,2,0,0,0,1,1
100682097,110000,2024-05-30,9,1,2,0,0,0,1,1
100682095,110000,2024-05-30,2,1,2,0,0,0,1,1
96705774,115000,2024-04-12,2,1,1,0,0,0,1,5
101504543,98600,2024-06-07,2,1,1,0,0,0,1,1
6654da70-542a-11ed-a384-791a818bdadb,25000,2024-06-07,1,1,1,0,0,0,1,1
101505516,65000,2024-06-07,3,1,1,0,0,0,1,1
101505977,80000,2024-06-07,5,2,3,0,0,0,2,7
98938956,140000,2024-05-14,2,1,1,0,0,0,1,1
98940133,70000,2024-05-14,5,2,3,0,0,0,1,1
98941021,140000,2024-05-14,7,1,1,0,0,0,1,1
98943164,75000,2024-05-14,7,1,1,0,0,0,1,1
98943205,80000,2024-05-14,2,1,1,1,0,0,1,1
98943620,50000,2024-05-14,8,1,1,0,0,0,1,1
98943621,50000,2024-05-14,3,1,1,0,0,0,1,1
98943619,50000,2024-05-14,9,1,1,0,0,0,1,1
98944205,15000,2024-05-14,7,2,1,0,0,0,3,1
101425236,101000,2024-06-06,2,4,1,0,0,0,1,1
97123866,54500,2024-04-16,2,1,3,0,0,0,2,6
97124289,80000,2024-04-16,3,2,1,0,0,0,2,7
97124337,190000,2024-04-16,10,2,1,0,0,0,1,6
97124377,190000,2024-04-16,5,2,1,0,0,0,1,6
102278262,75000,2024-06-19,2,1,3,0,0,0,1,7
102279493,200000,2024-06-19,2,1,2,0,0,0,1,1
102279574,90000,2024-06-19,9,2,1,0,0,0,1,7
99099419,200000,2024-05-16,5,3,2,0,0,0,1,1
99101492,70000,2024-05-16,5,1,1,0,0,0,1,1
99103014,95000,2024-05-16,5,1,1,0,0,0,1,5
99104763,140000,2024-05-16,5,3,1,0,0,0,1,1
97921289,100000,2024-04-25,7,1,1,0,0,0,1,3
97921288,100000,2024-04-25,7,1,1,0,0,0,1,3
97924779,55000,2024-04-25,1,1,3,0,0,0,1,1
97925585,51000,2024-04-25,4,1,1,0,0,0,1,1
101331299,90000,2024-06-05,7,1,1,0,0,0,1,1
101331300,90000,2024-06-05,7,1,1,0,0,0,1,1
101332374,50000,2024-06-05,1,2,2,0,0,0,1,5
101332879,125000,2024-06-05,7,1,1,0,0,0,1,5
101332897,54000,2024-06-05,4,1,3,0,0,0,1,7
101333640,120000,2024-06-05,5,1,2,0,0,0,1,5
101333921,125000,2024-06-05,7,1,1,0,0,0,1,5
102473820,75000,2024-06-22,10,1,1,0,0,0,1,5
102473839,60000,2024-06-22,10,1,3,0,0,0,1,5
102473848,30000,2024-06-22,10,3,3,0,0,0,1,5
102473922,60000,2024-06-22,10,1,3,0,0,0,1,5
102473929,56500,2024-06-22,8,1,3,0,0,0,1,5
102473934,85000,2024-06-22,7,1,3,0,0,0,1,5
102473946,120000,2024-06-22,7,1,3,0,0,0,1,5
102473947,120000,2024-06-22,7,1,1,0,0,0,1,5
102474052,62000,2024-06-22,5,1,3,0,0,0,1,5
102474067,60900,2024-06-22,5,1,3,0,0,0,1,5
102476316,100000,2024-06-22,2,1,1,0,0,0,1,1
102477802,90000,2024-06-22,2,1,1,0,0,0,1,1
99237563,91200,2024-05-17,4,1,1,0,0,0,1,1
99240032,120000,2024-05-17,10,1,4,0,0,0,1,5
99240035,120000,2024-05-17,8,1,4,0,0,0,1,5
102106034,57472,2024-06-17,8,1,3,0,0,0,1,7
102108609,120000,2024-06-17,4,2,2,0,0,0,1,7
101963451,150000,2024-06-15,2,1,1,0,0,0,1,1
101964628,150000,2024-06-15,3,2,2,0,0,0,1,1
101627850,80000,2024-06-10,8,2,3,0,0,0,2,6
101628880,350000,2024-06-10,2,1,2,0,0,0,1,6
101629624,76200,2024-06-10,4,1,3,0,0,0,1,7
98782986,42000,2024-05-13,10,1,3,0,0,0,1,1
98785735,146000,2024-05-13,2,1,1,0,0,0,1,7
98786570,110000,2024-05-13,2,1,1,0,0,0,1,1
98786577,118200,2024-05-13,2,1,1,0,0,0,1,5
98786668,90000,2024-05-13,8,1,1,0,0,0,1,1
99974610,90000,2024-05-23,9,1,2,0,0,0,1,1
99975402,120000,2024-05-23,6,2,1,0,0,0,1,6
99975405,120000,2024-05-23,5,2,1,0,0,0,1,6
99975401,120000,2024-05-23,2,2,1,0,0,0,1,6
99976191,140000,2024-05-23,2,2,2,0,0,0,1,1
99976271,80000,2024-05-23,1,2,3,0,0,0,2,6
99979840,56000,2024-05-24,9,1,1,0,0,0,1,1
99980170,270000,2024-05-24,2,1,1,0,0,0,1,1
100350800,180000,2024-05-27,2,2,1,0,0,0,1,1
100351861,40000,2024-05-27,10,1,3,0,0,0,2,7
100353068,200000,2024-05-27,7,1,1,0,0,0,1,1
100356328,82800,2024-05-27,1,1,1,0,0,0,1,5
101111347,100000,2024-06-03,7,1,3,0,0,0,1,7
101334233,48000,2024-06-05,7,1,1,0,0,0,1,1
101334524,43000,2024-06-05,1,1,3,0,0,0,1,1
102613383,170000,2024-06-25,2,2,1,0,0,0,1,1
102613447,65000,2024-06-25,4,1,1,0,0,0,1,1
102614895,150000,2024-06-25,7,1,1,0,0,0,1,5
96977593,350000,2024-04-15,4,2,2,0,0,0,1,6
96978239,70000,2024-04-15,6,1,3,0,0,0,1,1
96978672,150000,2024-04-15,5,2,2,0,0,0,1,3
96978877,150000,2024-04-15,2,2,2,0,0,0,1,3
96980168,100000,2024-04-15,7,1,1,0,0,0,1,5
96982258,100000,2024-04-15,2,1,1,0,0,0,1,7
96982475,50000,2024-04-15,6,1,1,0,0,0,1,1
101869653,46000,2024-06-13,1,1,1,0,0,0,1,1
101869759,65000,2024-06-13,4,1,2,0,0,0,1,5
101870598,140000,2024-06-13,2,1,2,0,0,0,1,1
101870758,50000,2024-06-13,3,1,1,0,0,0,1,5
101256359,40000,2024-06-04,1,2,1,0,0,0,1,5
101257308,80000,2024-06-04,4,1,3,0,0,0,1,6
101257809,66000,2024-06-04,8,2,1,0,0,0,1,1
101257811,66000,2024-06-04,4,2,1,0,0,0,1,1
101257810,66000,2024-06-04,2,2,1,0,0,0,1,1
99611234,33000,2024-05-21,1,2,3,0,1,0,1,1
99613265,60000,2024-05-21,2,1,3,0,0,0,2,1
99613821,80000,2024-05-21,10,1,1,0,0,0,1,1
99614064,350000,2024-05-21,2,2,4,0,0,0,1,6
99614124,150000,2024-05-21,5,1,1,0,0,0,1,7
99615015,87000,2024-05-21,2,1,1,0,0,0,1,1
99615627,45000,2024-05-21,2,2,1,0,0,0,1,1
99615808,400000,2024-05-21,10,2,4,0,0,0,1,6
99615827,50000,2024-05-21,2,2,3,0,0,0,1,3
99615878,275000,2024-05-21,2,5,2,0,0,0,1,1
99615890,275000,2024-05-21,6,5,2,0,0,0,1,1
99617498,167000,2024-05-21,2,1,1,0,0,0,1,6
96592706,60000,2024-04-10,6,1,1,0,0,0,1,1
96593804,100000,2024-04-10,9,1,1,0,0,0,1,1
96594894,90000,2024-04-10,4,1,1,0,0,0,1,7
96594893,90000,2024-04-10,2,1,1,0,0,0,1,7
96594895,90000,2024-04-10,5,1,1,0,0,0,1,7
97736943,120000,2024-04-23,2,1,3,0,0,0,2,7
97738698,150000,2024-04-23,2,1,1,0,0,0,1,6
102179472,90000,2024-06-18,4,1,2,0,0,0,1,5
102179783,250000,2024-06-18,6,2,2,0,0,0,1,6
102180384,80000,2024-06-18,2,1,1,0,0,0,1,1
102182235,90000,2024-06-18,3,1,3,0,0,0,1,1
99815536,53000,2024-05-22,1,1,1,0,0,0,1,1
99816347,78800,2024-05-22,6,1,1,0,0,0,1,5
99817091,60000,2024-05-22,6,1,1,0,0,0,1,1
99818389,53000,2024-05-22,10,1,3,0,0,0,1,1
99819390,80000,2024-05-22,9,1,2,0,0,0,1,1
98260222,80000,2024-05-02,9,2,3,0,0,0,2,1
98260966,190000,2024-05-02,1,2,2,0,0,0,1,6
98261352,150000,2024-05-02,3,1,2,0,0,0,1,5
98261405,100000,2024-05-02,8,1,2,0,0,0,1,5
98371028,70000,2024-05-04,6,1,3,0,0,0,1,1
98375841,90000,2024-05-04,7,1,3,0,0,0,1,1
100517119,60000,2024-05-28,7,2,3,0,0,0,1,1
100518390,100000,2024-05-29,7,1,1,0,0,0,1,1
97601282,40000,2024-04-22,2,1,3,0,0,0,1,7
97601539,150000,2024-04-22,1,2,1,0,0,0,1,1
97602937,75000,2024-04-22,9,1,1,0,0,0,1,1
97604625,200000,2024-04-22,3,1,1,0,0,0,1,1
96453985,65000,2024-04-09,2,1,1,0,0,0,1,7
96454057,56900,2024-04-09,3,1,1,0,0,0,1,1
96455425,100000,2024-04-09,3,1,1,0,0,0,1,3
99244115,120000,2024-05-17,2,1,1,0,0,0,1,1
98700050,80000,2024-05-17,6,1,2,0,0,0,1,5
98700055,120000,2024-05-17,6,1,2,0,0,0,1,5
98700057,120000,2024-05-17,6,1,2,0,0,0,1,5
98700059,120000,2024-05-17,6,1,2,0,0,0,1,5
98700063,120000,2024-05-17,6,1,2,0,0,0,1,5
98700099,80000,2024-05-17,6,1,2,0,0,0,1,5
97299763,74500,2024-04-18,2,3,3,0,0,0,2,1
97302128,74500,2024-04-18,2,3,3,0,0,0,2,1
98631866,370000,2024-05-09,2,2,4,0,0,0,1,6
102279879,80000,2024-06-19,6,2,3,0,0,0,2,7
102279905,100000,2024-06-19,6,1,1,0,0,0,1,1
102280264,150000,2024-06-19,2,2,2,0,0,0,4,7
102280628,47000,2024-06-19,10,1,1,0,0,0,1,5
102281074,82000,2024-06-19,10,1,1,0,0,0,1,6
102281070,82000,2024-06-19,9,1,1,0,0,0,1,6
102281069,82000,2024-06-19,3,1,1,0,0,0,1,6
102281071,82000,2024-06-19,1,1,1,0,0,0,1,6
102281073,82000,2024-06-19,4,1,1,0,0,0,1,6
102281072,82000,2024-06-19,8,1,1,0,0,0,1,6
102281079,70000,2024-06-19,8,1,1,0,0,0,1,1
102282625,200000,2024-06-19,2,1,1,0,0,0,1,1
102483064,55000,2024-06-22,2,1,1,0,0,0,1,1
101630075,280000,2024-06-10,2,1,2,0,0,0,1,6
102110670,70000,2024-06-17,1,2,1,0,0,0,1,1
102110976,80000,2024-06-17,8,1,1,0,0,0,1,1
102111974,200000,2024-06-17,2,1,2,0,0,0,1,6
102112881,100000,2024-06-17,2,1,1,0,0,0,1,1
96677575,80000,2024-04-17,6,1,1,0,0,0,1,1
96465993,150000,2024-04-09,5,1,1,0,0,0,4,5
99111083,62000,2024-05-16,10,1,1,0,0,0,1,1
99111466,80000,2024-05-16,8,2,3,0,0,0,2,1
99113685,61000,2024-05-16,1,1,3,0,0,0,1,1
99114498,60000,2024-05-16,3,2,1,0,0,0,1,1
99114520,200000,2024-05-16,4,1,3,0,0,0,1,1
99114522,200000,2024-05-16,3,1,3,0,0,0,1,1
99114523,200000,2024-05-16,3,1,3,0,0,0,1,1
99114524,200000,2024-05-16,3,1,3,0,0,0,1,1
99114514,200000,2024-05-16,10,1,3,0,0,0,1,1
99114511,200000,2024-05-16,2,1,3,0,0,0,1,1
99114512,200000,2024-05-16,5,1,3,0,0,0,1,1
99114521,200000,2024-05-16,4,1,3,0,0,0,1,1
99114515,200000,2024-05-16,4,1,3,0,0,0,1,1
99114518,200000,2024-05-16,3,1,3,0,0,0,1,1
98946980,140000,2024-05-14,3,1,3,0,0,0,1,1
98947065,60000,2024-05-14,3,1,3,0,0,0,1,1
98947346,80000,2024-05-14,3,2,3,0,0,0,2,6
98948681,125000,2024-05-14,9,1,1,0,0,0,1,5
97129736,180000,2024-04-16,2,1,2,0,0,0,1,5
97129906,150000,2024-04-16,3,2,2,0,0,0,1,7
97129922,162000,2024-04-16,7,1,1,0,0,0,1,5
97131913,57472,2024-04-16,8,1,3,0,0,0,1,7
97132126,120000,2024-04-16,3,1,1,0,0,0,1,7
97133231,40000,2024-04-16,8,1,3,0,0,0,1,6
97133847,150000,2024-04-16,1,1,1,0,1,0,1,6
97134540,150000,2024-04-16,2,1,1,0,0,0,1,5
101339419,90000,2024-06-05,6,1,1,0,0,0,1,6
101339948,150000,2024-06-05,2,1,1,1,0,0,1,1
101972349,90000,2024-06-15,9,1,1,1,0,0,1,1
101975117,170000,2024-06-15,2,2,3,1,0,0,1,6
101983989,88000,2024-06-15,7,1,1,0,0,0,1,5
101984010,70800,2024-06-15,6,1,3,0,0,0,1,5
101984107,85000,2024-06-15,9,1,1,0,0,0,1,5
101984199,78260,2024-06-15,9,1,3,0,0,0,1,5
101984281,75000,2024-06-15,9,1,1,0,0,0,1,5
101984323,140000,2024-06-15,5,1,1,0,0,0,1,5
101984350,113000,2024-06-15,5,1,1,0,0,0,1,5
101984380,119400,2024-06-15,6,1,1,0,0,0,1,5
97927701,130000,2024-04-25,2,2,2,0,0,0,1,7
97927702,130000,2024-04-25,9,2,2,0,0,0,1,7
97928365,150000,2024-04-26,3,2,2,0,0,0,1,5
97928940,137000,2024-04-26,2,1,2,0,0,0,1,1
97929109,65000,2024-04-26,2,1,1,0,0,0,1,1
97929232,60000,2024-04-26,7,1,1,0,0,0,1,7
97931393,85830,2024-04-26,2,1,1,0,0,0,1,1
97932415,140000,2024-04-26,2,1,1,0,0,0,1,1
97932417,140000,2024-04-26,4,1,1,0,0,0,1,1
97932416,140000,2024-04-26,10,1,1,0,0,0,1,1
97933134,100000,2024-04-26,10,1,3,0,0,0,1,6
97868533,100000,2024-04-26,5,2,1,0,0,0,1,1
100359691,90000,2024-05-27,4,1,2,0,0,0,1,1
100364285,200000,2024-05-27,2,2,1,0,0,0,1,6
99247509,300000,2024-05-17,10,2,4,0,0,0,1,6
102616537,55000,2024-06-25,3,1,1,0,0,0,1,1
102617046,80000,2024-06-25,4,1,1,0,0,0,1,5
102618750,80000,2024-06-25,7,1,3,0,0,0,1,1
102618751,80000,2024-06-25,7,1,3,0,0,0,1,1
102620011,30000,2024-06-25,10,3,1,0,0,0,3,3
102621280,150000,2024-06-25,2,2,1,0,0,0,1,1
98262774,146108,2024-05-02,4,1,2,0,0,0,1,5
98263450,146108,2024-05-02,4,1,2,0,0,0,1,5
98264437,65000,2024-05-02,4,1,1,0,0,0,1,1
98264862,100000,2024-05-02,7,1,2,0,0,0,1,5
98264860,80160,2024-05-02,2,1,3,0,0,0,1,5
98265478,55300,2024-05-03,1,1,3,0,0,0,1,5
98787177,70000,2024-05-13,5,1,1,0,0,0,1,5
98788460,56810,2024-05-13,9,2,1,0,0,0,1,1
98790207,80000,2024-05-13,4,1,2,0,0,0,1,5
98790667,320000,2024-05-13,5,2,2,0,0,0,1,6
98791125,173000,2024-05-13,7,1,1,0,0,0,1,5
96983323,63000,2024-04-15,1,1,3,0,0,0,1,7
96983374,100000,2024-04-15,2,1,1,0,0,0,1,1
96985077,90000,2024-04-15,5,2,3,0,0,0,3,5
96985078,90000,2024-04-15,3,2,3,0,0,0,3,5
96985075,90000,2024-04-15,2,2,3,0,0,0,3,5
96985603,117500,2024-04-15,2,1,1,0,0,0,1,1
96986238,70000,2024-04-15,10,1,1,0,0,0,1,1
96987053,128900,2024-04-15,7,1,1,0,0,0,1,5
96987972,163000,2024-04-15,7,1,1,0,0,0,1,5
96988058,86000,2024-04-15,7,1,1,0,0,0,1,5
98638232,120000,2024-05-09,2,1,1,0,0,0,1,7
100688340,68000,2024-05-30,7,4,1,0,0,0,1,1
100688338,68000,2024-05-30,7,4,1,0,0,0,1,1
100688337,68000,2024-05-30,7,4,1,0,0,0,1,1
100688336,68000,2024-05-30,7,4,1,0,0,0,1,1
100690840,70000,2024-05-30,3,5,1,0,0,0,1,1
101512856,80000,2024-06-07,2,1,1,0,0,0,1,1
101514535,60000,2024-06-07,4,1,1,0,0,0,1,1
102282977,250000,2024-06-19,2,2,2,0,0,0,1,7
102285024,105000,2024-06-19,2,1,2,0,0,0,1,1
102285076,70000,2024-06-19,2,1,1,0,0,0,1,5
102285111,70000,2024-06-19,3,1,2,0,0,0,1,5
102285333,41200,2024-06-19,6,1,1,0,0,0,1,1
102285627,75000,2024-06-19,2,1,1,0,0,0,1,5
100518857,96000,2024-05-29,2,1,2,0,0,0,1,6
100519261,60000,2024-05-29,7,2,3,0,0,0,1,1
100519610,60000,2024-05-29,7,2,3,0,0,0,1,1
100520048,60000,2024-05-29,7,2,3,0,0,0,1,1
100520156,60000,2024-05-29,7,2,3,0,0,0,1,1
100520203,60000,2024-05-29,7,2,3,0,0,0,1,1
100520371,60000,2024-05-29,7,2,3,0,0,0,1,1
100522460,60000,2024-05-29,7,2,3,0,0,0,1,1
100522704,60000,2024-05-29,7,2,3,0,0,0,1,1
100523112,60000,2024-05-29,7,2,3,0,0,0,1,1
100523142,60000,2024-05-29,7,2,3,0,0,0,1,1
100523198,60000,2024-05-29,7,2,3,0,0,0,1,1
100523398,90000,2024-05-29,8,1,1,0,0,0,1,1
98517567,140000,2024-05-07,5,1,1,0,0,0,1,7
98517678,50000,2024-05-07,6,3,3,0,0,0,2,6
97740417,180000,2024-04-23,7,1,1,0,0,0,1,1
97740419,180000,2024-04-23,7,1,1,0,0,0,1,1
97740420,180000,2024-04-23,7,1,1,0,0,0,1,1
97740418,180000,2024-04-23,7,1,1,0,0,0,1,1
97740625,300000,2024-04-23,2,1,1,0,0,0,1,3
97740708,79400,2024-04-23,2,1,3,0,0,0,1,1
97740862,84500,2024-04-23,4,1,2,0,0,0,1,1
97742565,75000,2024-04-23,3,1,1,0,0,0,1,7
97743048,150000,2024-04-23,3,3,3,0,0,0,1,5
97743150,75000,2024-04-23,3,1,1,0,0,0,1,7
97744444,58300,2024-04-24,10,3,3,0,0,0,1,5
97744490,38100,2024-04-24,10,3,3,0,0,0,1,5
102372234,65000,2024-06-20,4,1,3,0,0,0,1,1
98386472,74600,2024-05-04,8,1,1,0,0,0,1,5
98389785,85000,2024-05-04,6,1,2,0,0,0,1,5
98391838,40000,2024-05-05,5,2,1,0,0,0,1,1
99820719,150000,2024-05-22,2,1,1,0,0,0,1,1
99748047,150000,2024-05-22,2,2,1,0,0,0,1,1
99821283,150000,2024-05-22,2,2,2,0,0,0,1,1
99823134,60000,2024-05-22,3,1,3,0,0,0,1,1
99824081,85000,2024-05-22,2,2,1,0,0,0,1,1
99824357,56500,2024-05-22,8,1,3,0,0,0,1,5
97605318,120000,2024-04-22,5,1,2,0,0,0,1,1
97606091,100000,2024-04-22,2,1,2,0,0,0,1,7
97606647,105000,2024-04-22,5,1,1,0,0,0,1,5
97607359,40000,2024-04-22,7,1,3,0,0,0,1,1
97607853,124000,2024-04-22,7,1,1,0,0,0,1,5
97609363,51000,2024-04-22,9,1,1,0,0,0,1,5
97305577,120000,2024-04-18,2,2,2,0,0,0,1,5
97306182,300000,2024-04-18,8,1,1,0,0,0,1,5
97306327,35000,2024-04-18,2,1,3,0,0,0,2,1
97306454,65000,2024-04-18,3,1,1,0,0,0,1,7
97306483,75000,2024-04-18,8,1,2,0,0,0,1,7
97306602,55000,2024-04-18,2,1,1,0,0,0,1,1
97307920,70000,2024-04-18,9,2,1,0,0,0,1,1
96483023,130000,2024-04-09,6,1,1,0,0,0,1,1
96483048,35000,2024-04-09,1,1,1,0,0,0,1,5
96484243,90000,2024-04-09,3,1,3,0,0,0,1,1
99620095,120000,2024-05-21,2,1,2,0,0,0,1,5
99620134,72000,2024-05-21,2,1,1,0,0,0,2,1
99621844,45000,2024-05-21,8,1,3,0,0,0,1,1
99624420,150000,2024-05-21,2,1,2,0,0,0,1,5
99628595,87500,2024-05-21,5,2,1,0,0,0,1,1
99115279,65000,2024-05-16,3,1,3,0,0,0,1,7
99119706,200000,2024-05-16,2,2,1,0,0,0,1,1
99253040,110000,2024-05-17,6,1,1,0,0,0,1,1
101341050,40000,2024-06-05,2,3,3,0,0,0,3,1
101342325,80000,2024-06-05,5,1,1,0,0,0,1,1
95e26f55-078e-11ef-9d1b-e7d0d2cf29b1,25000,2024-06-05,2,2,3,0,0,0,1,1
101343391,120000,2024-06-05,6,1,2,0,0,0,1,7
98394242,80000,2024-05-05,4,1,1,0,0,0,1,1
102527728,130000,2024-06-24,2,1,3,0,0,0,1,1
98951307,250000,2024-05-15,9,1,2,0,0,0,1,7
98951827,100000,2024-05-15,9,1,1,0,0,0,1,7
98952738,45000,2024-05-15,3,1,1,0,0,0,1,1
99980671,160000,2024-05-24,2,2,1,0,0,0,1,1
99986822,50000,2024-05-24,2,2,1,0,0,0,1,3
96598095,40000,2024-04-10,6,1,3,0,0,0,1,6
96598163,80000,2024-04-10,6,1,1,0,0,0,1,1
96598164,80000,2024-04-10,6,1,1,0,0,0,1,1
96600728,130000,2024-04-10,2,1,1,0,0,0,1,7
102186680,80000,2024-06-18,4,1,3,0,0,0,1,6
102188166,130000,2024-06-18,6,2,2,0,0,0,1,6
102189248,60000,2024-06-18,4,1,3,0,0,0,1,1
101635052,100000,2024-06-10,2,1,1,0,0,0,1,1
101635078,190000,2024-06-10,2,2,1,0,0,0,1,6
101635214,190000,2024-06-10,10,2,1,0,0,0,1,6
98267030,70000,2024-05-03,4,1,1,0,0,0,1,6
98268130,85000,2024-05-03,7,1,1,0,0,0,1,7
97955388,46000,2024-04-26,5,4,3,0,0,0,1,3
97958050,64000,2024-04-26,6,1,1,0,0,0,1,1
100693272,90000,2024-05-30,4,2,1,0,0,0,1,1
100694258,90000,2024-05-30,1,1,2,0,0,0,1,1
100695305,60000,2024-05-30,3,1,1,0,0,0,1,5
102622048,110000,2024-06-25,10,1,1,0,0,0,1,5
102622374,46750,2024-06-25,2,1,3,0,1,0,2,1
102622881,220000,2024-06-25,2,2,2,0,0,0,1,1
102623462,180000,2024-06-25,5,2,1,0,0,0,1,6
102623938,320000,2024-06-25,2,2,2,0,0,0,4,1
102624576,35000,2024-06-25,1,1,3,0,0,0,1,3
98791690,77400,2024-05-13,9,1,1,0,0,0,1,5
100368617,460000,2024-05-27,2,1,2,0,0,0,1,1
100372690,120000,2024-05-27,7,1,2,0,0,0,1,5
98653920,100000,2024-05-09,9,2,3,0,0,0,1,1
98653918,100000,2024-05-09,5,2,3,0,0,0,1,1
98653919,100000,2024-05-09,10,1,1,0,0,0,1,1
98653921,100000,2024-05-09,3,2,3,0,0,0,1,1
98653917,100000,2024-05-09,2,2,3,0,0,0,1,1
98656087,130000,2024-05-09,2,2,2,0,0,0,1,3
98669235,170000,2024-05-10,2,1,1,0,0,0,1,1
96989880,70000,2024-04-15,5,1,1,0,0,0,1,1
96991073,278000,2024-04-15,2,1,2,0,0,0,1,1
96991947,100000,2024-04-15,2,1,1,0,0,0,1,3
102286461,180000,2024-06-19,2,1,3,0,0,0,1,7
102287562,80000,2024-06-19,3,1,3,1,0,0,3,1
98413059,75000,2024-05-06,2,1,2,0,0,0,1,7
98414761,200000,2024-05-06,2,1,2,0,0,0,1,1
97135978,140900,2024-04-16,7,1,1,0,0,0,1,5
97136427,100000,2024-04-16,2,2,1,0,0,0,1,7
97136615,55000,2024-04-16,10,1,1,0,0,0,1,1
97138434,100000,2024-04-16,2,3,1,1,0,0,1,1
97138873,60000,2024-04-16,4,1,1,0,0,0,1,1
97138888,90000,2024-04-16,9,2,3,0,0,0,2,7
97141847,88000,2024-04-16,10,1,1,0,0,0,1,5
99256513,45300,2024-05-17,3,1,1,0,0,0,1,1
99257832,100000,2024-05-17,9,1,1,0,0,0,1,1
97746679,65000,2024-04-24,3,1,1,0,0,0,1,5
97748609,103100,2024-04-24,6,1,1,0,0,0,1,5
102377856,200000,2024-06-21,2,1,2,0,0,0,1,1
102377877,500000,2024-06-21,2,2,4,0,0,0,1,7
102377903,100000,2024-06-21,2,1,2,0,0,0,1,7
102378579,65000,2024-06-21,9,1,1,0,0,0,1,1
102379107,150000,2024-06-21,2,1,1,0,0,0,1,1
99123763,120000,2024-05-16,3,2,1,0,0,0,1,3
99124099,35000,2024-05-16,1,1,3,0,0,0,1,1
99124464,130000,2024-05-16,2,1,1,0,0,0,1,6
100526266,60000,2024-05-29,7,2,3,0,0,0,1,1
100526327,60000,2024-05-29,7,2,3,0,0,0,1,1
100534676,70000,2024-05-29,9,1,1,0,0,0,1,5
96493332,130000,2024-04-09,3,1,1,0,0,0,1,5
98956792,180000,2024-05-15,7,1,1,0,0,0,1,7
97311045,87000,2024-04-18,1,1,1,0,0,0,1,1
97311108,93000,2024-04-18,2,1,1,0,0,0,1,1
97311137,87000,2024-04-18,10,1,1,0,0,0,1,1
97311171,87000,2024-04-18,3,1,1,0,0,0,1,1
97313859,69000,2024-04-18,1,1,1,0,0,0,1,1
97314368,69000,2024-04-18,8,1,1,0,0,0,1,1
97316560,90000,2024-04-18,2,1,3,0,0,0,2,1
99826923,40000,2024-05-22,2,1,3,0,0,0,2,1
99830629,230000,2024-05-22,2,1,2,0,0,0,1,1
99831298,29300,2024-05-22,7,1,3,0,0,0,1,1
99831371,150000,2024-05-22,2,1,1,0,0,0,1,6
100018391,65000,2024-05-24,5,1,3,0,0,0,1,1
100020527,100000,2024-05-24,9,1,1,0,0,0,4,3
100021557,64000,2024-05-24,6,1,1,0,0,0,1,1
102544186,40000,2024-06-24,5,1,1,0,0,0,1,1
98364337,55000,2024-05-07,6,1,1,0,0,0,1,6
98457565,100000,2024-05-07,7,1,1,0,0,0,1,5
98520148,55000,2024-05-07,6,1,3,0,0,0,1,1
97611097,227950,2024-04-22,7,1,1,0,0,0,1,5
97612766,280000,2024-04-22,2,1,2,0,0,0,1,7
97613162,150000,2024-04-22,2,1,1,0,0,0,1,7
97614505,120000,2024-04-22,7,1,2,0,0,0,1,5
97615216,40000,2024-04-22,9,1,3,0,0,0,1,1
101515398,50000,2024-06-07,1,1,1,0,0,0,1,5
101515466,55000,2024-06-07,3,1,1,0,0,0,1,1
101516304,280000,2024-06-07,3,2,2,0,0,0,1,1
101516307,280000,2024-06-07,5,2,2,0,0,0,1,1
101516310,280000,2024-06-07,4,2,2,0,0,0,1,1
101516309,280000,2024-06-07,6,2,2,0,0,0,1,1
101516314,280000,2024-06-07,8,2,2,0,0,0,1,1
101517260,80000,2024-06-07,2,2,3,0,0,0,2,6
101517390,230000,2024-06-07,2,2,1,0,0,0,1,1
101518071,101000,2024-06-07,2,4,1,0,0,0,1,1
98274134,15000,2024-05-03,2,1,3,0,0,0,2,1
99260676,80000,2024-05-17,6,2,3,0,0,0,2,6
99264996,130000,2024-05-17,10,2,3,1,0,0,1,6
98277598,70000,2024-05-03,3,1,1,0,0,0,1,1
98278857,80000,2024-05-03,8,2,3,1,0,0,1,1
100698948,90000,2024-05-30,1,1,2,0,0,0,1,1
102290167,40000,2024-06-19,9,1,3,0,0,0,1,1
102290363,60000,2024-06-19,1,1,1,0,0,0,1,1
102292614,75000,2024-06-19,7,1,1,0,0,0,1,5
102293121,80000,2024-06-19,2,1,3,0,0,0,1,1
99656052,55000,2024-05-21,5,1,1,0,0,0,1,1
98964993,60000,2024-05-15,8,1,1,0,0,0,1,5
98796142,87000,2024-05-13,7,1,3,0,0,0,1,5
98796145,156000,2024-05-13,7,1,1,0,0,0,1,5
98796264,115000,2024-05-13,7,1,1,0,0,0,1,5
98796270,156000,2024-05-13,7,1,1,0,0,0,1,5
98796485,27000,2024-05-13,10,2,3,0,0,0,1,5
98796564,124000,2024-05-13,7,1,1,0,0,0,1,5
98796568,227950,2024-05-13,7,1,1,0,0,0,1,5
98796580,53000,2024-05-13,10,1,3,0,0,0,1,5
98797016,80000,2024-05-13,2,1,1,0,0,0,1,1
98797169,65000,2024-05-13,2,3,1,0,0,0,1,1
98797525,180000,2024-05-13,2,1,1,0,0,0,1,6
98799840,68900,2024-05-13,2,1,1,0,0,0,1,1
102639415,50000,2024-06-25,5,1,3,0,0,0,1,1
98673396,40000,2024-05-10,4,1,1,0,0,0,1,1
98675252,40000,2024-05-10,4,1,1,0,0,0,1,1
98675768,160000,2024-05-10,3,2,4,0,0,0,1,7
98675767,160000,2024-05-10,9,2,4,0,0,0,1,7
102193491,100000,2024-06-18,1,1,1,0,0,0,1,5
102194516,122360,2024-06-18,7,3,3,0,0,0,1,5
100372826,60000,2024-05-27,9,1,2,0,0,0,1,7
96994832,71100,2024-04-15,6,3,3,0,0,0,1,5
96996230,150000,2024-04-15,2,1,1,0,0,0,1,1
96998201,180000,2024-04-15,2,1,2,0,0,0,1,3
96998466,200000,2024-04-15,2,1,3,0,0,0,1,1
96998777,220000,2024-04-15,4,1,2,0,0,0,1,1
96998994,63000,2024-04-15,6,1,1,0,0,0,1,1
96999238,250000,2024-04-15,6,1,1,0,0,0,1,7
96601965,88000,2024-04-10,3,2,1,0,0,0,1,1
96601997,139680,2024-04-10,2,1,1,0,0,0,1,5
96602154,139680,2024-04-10,2,1,1,0,0,0,1,5
96602336,139680,2024-04-10,2,1,1,0,0,0,1,5
96602673,76200,2024-04-10,4,1,2,0,0,0,1,7
96602680,80000,2024-04-10,10,2,3,0,0,0,2,6
96603089,150000,2024-04-10,2,3,1,0,0,0,1,6
96604337,90000,2024-04-10,2,1,3,0,0,0,2,1
96606564,80000,2024-04-10,6,1,2,0,0,0,1,1
100558729,45000,2024-05-29,5,1,3,0,0,0,1,7
97731172,60000,2024-04-24,2,1,3,0,0,0,1,3
97760116,80000,2024-04-24,10,1,1,0,0,0,1,7
97775147,75000,2024-04-24,3,1,1,0,0,0,1,7
97775163,75000,2024-04-24,3,1,1,0,0,0,1,7
98424532,250000,2024-05-06,5,2,2,0,0,0,1,1
98424938,103000,2024-05-06,6,1,2,0,1,0,1,5
98426358,83000,2024-05-06,5,1,1,0,0,0,1,5
99266845,130000,2024-05-17,4,1,1,0,0,0,1,1
99267003,145931,2024-05-17,1,1,1,0,0,0,1,1
99269004,50000,2024-05-17,2,2,1,0,0,0,1,1
99269396,50000,2024-05-17,6,1,3,0,0,0,1,1
99269740,150000,2024-05-17,2,1,1,0,0,0,1,1
102379521,89800,2024-06-21,4,1,1,0,0,0,1,5
102380883,172095,2024-06-21,7,1,1,0,0,0,1,5
102380912,350000,2024-06-21,1,2,2,0,0,0,1,6
102380986,200000,2024-06-21,2,1,2,0,0,0,1,5
102381069,200000,2024-06-21,1,1,2,0,0,0,1,5
102381067,200000,2024-06-21,6,1,2,0,0,0,1,5
102383037,80000,2024-06-21,3,1,2,1,0,0,1,5
102384587,80000,2024-06-21,3,1,1,0,0,0,1,5
99127070,70000,2024-05-16,10,1,1,0,0,0,1,1
99127213,120000,2024-05-16,2,1,1,0,0,0,1,1
99130449,70000,2024-05-16,3,1,1,0,0,0,1,1
98524059,130000,2024-05-07,6,1,1,0,0,0,1,5
98524324,130000,2024-05-07,6,1,1,0,0,0,1,5
98524629,60000,2024-05-07,3,1,3,0,0,0,1,1
98524628,60000,2024-05-07,3,1,3,0,0,0,1,1
97146118,130000,2024-04-17,7,1,2,0,0,0,1,5
97148410,45000,2024-04-17,9,3,3,0,0,0,2,1
97321156,80000,2024-04-18,5,2,1,0,0,0,1,1
97321155,80000,2024-04-18,6,2,1,0,0,0,1,1
97321489,100800,2024-04-18,6,1,2,0,0,0,1,5
97323787,110000,2024-04-18,2,1,1,0,0,0,1,7
99832627,140000,2024-05-22,7,1,2,0,0,0,1,1
99832995,120000,2024-05-22,2,2,1,0,0,0,1,1
99832993,120000,2024-05-22,9,2,1,0,0,0,1,1
99832994,120000,2024-05-22,1,2,1,0,0,0,1,1
99836062,280000,2024-05-22,2,1,2,0,0,0,1,7
99836772,80000,2024-05-22,1,2,1,1,0,0,1,1
102352983,90000,2024-06-21,5,1,1,0,0,0,1,1
97616115,80000,2024-04-22,8,1,1,0,0,0,1,1
97616113,80000,2024-04-22,8,1,1,0,0,0,1,1
97616306,90000,2024-04-22,5,1,1,0,0,0,1,1
98289891,60000,2024-05-03,6,1,1,0,0,0,1,1
98291390,55000,2024-05-03,5,1,3,0,0,0,1,5
98990243,200000,2024-05-15,2,1,2,0,0,0,1,1
98990253,120000,2024-05-15,6,2,2,0,0,0,1,7
99660327,80000,2024-05-21,6,2,3,0,0,0,2,6
99661764,50000,2024-05-21,1,4,1,0,0,0,1,1
99663000,92000,2024-05-21,4,1,3,0,0,0,1,6
99663001,92000,2024-05-21,8,1,3,0,0,0,1,6
99663002,92000,2024-05-21,8,1,3,0,0,0,1,6
102196649,120000,2024-06-18,3,1,1,0,0,0,1,5
102197650,80000,2024-06-18,3,1,1,0,0,0,1,1
102293529,120000,2024-06-19,7,1,3,0,0,0,1,5
102294395,120000,2024-06-19,10,1,1,0,0,0,1,7
102297232,85000,2024-06-20,2,1,2,0,0,0,1,5
99274328,85000,2024-05-17,7,3,3,0,0,0,1,5
100700812,195000,2024-05-30,7,1,1,0,0,0,1,5
100700856,80000,2024-05-30,7,1,1,0,0,0,1,1
100701489,60000,2024-05-30,7,1,1,0,0,0,1,1
100701492,150000,2024-05-30,3,1,1,0,0,0,1,1
100702272,65000,2024-05-30,10,1,3,0,0,0,1,1
98679237,60000,2024-05-10,4,1,3,0,0,0,1,1
98679323,80000,2024-05-10,4,2,3,0,0,0,2,7
98679822,40000,2024-05-10,4,1,3,0,0,0,1,1
98800390,159000,2024-05-13,7,1,1,0,0,0,1,5
98801737,235000,2024-05-13,2,2,1,0,0,0,1,6
98802456,75000,2024-05-13,5,4,1,0,0,0,1,1
98803543,100000,2024-05-13,1,1,1,0,0,0,1,1
98803574,55100,2024-05-13,5,1,3,0,0,0,1,5
98803803,150000,2024-05-13,6,1,1,0,0,0,1,6
98803910,120000,2024-05-13,2,1,2,0,0,0,1,1
98803964,130000,2024-05-13,7,1,1,0,0,0,1,5
102649767,120000,2024-06-25,6,1,2,0,0,0,1,7
97327972,80000,2024-04-18,7,3,1,0,0,0,3,1
97327974,80000,2024-04-18,7,3,1,0,0,0,3,1
97327973,80000,2024-04-18,7,3,1,0,0,0,3,1
97327970,80000,2024-04-18,7,3,1,0,0,0,3,1
97327971,80000,2024-04-18,7,3,1,0,0,0,3,1
97332097,20000,2024-04-18,2,2,1,0,0,0,3,1
100561757,270000,2024-05-29,5,2,2,0,0,0,1,1
100563166,70000,2024-05-29,6,1,3,0,0,0,1,1
100563219,250000,2024-05-29,5,2,1,0,0,0,1,1
100565834,100000,2024-05-29,6,2,1,0,0,0,1,5
97966778,125000,2024-04-26,6,1,1,0,0,0,1,7
97969178,22000,2024-04-26,5,1,3,0,0,0,1,1
97970694,100000,2024-04-26,3,2,1,0,0,0,1,6
97971118,98000,2024-04-26,7,1,1,0,0,0,1,5
100384973,150000,2024-05-27,2,1,1,0,0,0,1,1
97000804,48000,2024-04-15,6,1,1,0,0,0,1,1
97001726,65000,2024-04-15,4,1,1,0,0,0,1,1
97004765,82800,2024-04-15,1,1,1,0,0,0,1,5
99132523,138000,2024-05-16,2,1,1,0,0,0,1,1
99132625,80000,2024-05-16,6,1,1,0,0,0,1,7
99134219,114700,2024-05-16,4,1,2,0,0,0,1,5
101640128,200000,2024-06-10,10,1,1,0,0,0,1,1
101641814,75000,2024-06-10,9,1,1,0,0,0,1,1
101642299,160000,2024-06-10,2,1,2,0,0,0,1,5
101642653,140000,2024-06-10,2,1,2,0,0,0,1,6
101642654,140000,2024-06-10,3,1,2,0,0,0,1,6
100037159,120000,2024-05-24,7,1,1,0,0,0,1,5
99838769,90000,2024-05-22,10,1,1,0,0,0,1,3
99839343,120000,2024-05-22,10,1,1,0,0,0,1,1
99841969,50000,2024-05-22,6,1,3,0,0,0,1,3
99843209,120000,2024-05-22,2,1,2,0,0,0,1,1
99843659,50000,2024-05-22,9,1,3,0,0,0,1,1
99276255,150000,2024-05-17,4,2,1,0,0,0,1,6
99276311,150000,2024-05-17,2,1,1,0,0,0,1,1
98531623,300000,2024-05-07,2,1,2,0,0,0,1,7
98532064,175000,2024-05-07,3,2,2,0,0,0,1,1
97150490,70000,2024-04-17,3,1,1,0,0,0,1,1
97154939,150000,2024-04-17,2,1,2,0,0,0,1,3
97154940,150000,2024-04-17,7,1,2,0,0,0,1,3
97155257,150000,2024-04-17,2,1,2,0,0,0,1,3
97157885,200000,2024-04-17,2,1,2,0,0,0,4,5
97157886,200000,2024-04-17,6,1,2,0,0,0,4,5
97157887,200000,2024-04-17,3,1,2,0,0,0,4,5
102200277,160000,2024-06-18,7,1,1,0,0,0,1,3
102201570,40000,2024-06-18,10,1,3,0,0,0,2,7
102202567,90000,2024-06-18,2,1,1,0,0,0,1,7
97776951,100000,2024-04-24,5,1,2,0,0,0,1,6
97778571,29000,2024-04-24,1,1,1,0,0,0,1,1
97783065,42800,2024-04-24,2,1,1,0,0,0,1,1
100705836,55000,2024-05-30,4,1,1,0,0,0,1,1
100705842,120000,2024-05-30,2,1,2,0,0,0,1,1
100709648,60000,2024-05-30,5,1,3,0,0,0,1,1
97622492,50000,2024-04-22,4,1,3,0,0,0,1,1
97624720,45000,2024-04-22,3,1,1,0,0,0,2,1
97625413,204450,2024-04-22,9,1,2,0,0,0,1,1
99666005,80000,2024-05-21,2,1,1,0,0,0,1,1
99667652,100000,2024-05-21,6,1,2,0,0,0,1,5
99667832,100000,2024-05-21,5,1,1,0,0,0,1,7
99667900,120000,2024-05-21,2,1,3,0,0,0,1,7
96606834,120000,2024-04-10,2,2,1,0,0,0,1,1
96606835,120000,2024-04-10,8,2,1,0,0,0,1,1
96606934,45000,2024-04-10,2,1,3,0,0,0,1,7
96607363,20000,2024-04-10,6,1,3,0,0,0,2,6
96609466,113000,2024-04-10,9,1,1,0,0,0,1,7
98295594,80000,2024-05-03,4,1,1,0,0,0,1,1
98295934,45000,2024-05-03,8,1,3,0,0,0,1,1
98804432,75000,2024-05-13,7,1,3,0,0,0,1,1
98804582,75000,2024-05-13,7,1,3,0,0,0,1,1
98807237,260000,2024-05-13,2,2,2,0,0,0,1,3
102300354,140000,2024-06-20,4,2,2,0,0,0,1,1
102300995,150000,2024-06-20,2,1,1,0,0,0,1,1
102301842,45000,2024-06-20,6,1,1,0,0,0,1,5
102302084,85000,2024-06-20,4,2,2,0,0,0,1,1
97333957,150000,2024-04-18,4,1,1,0,0,0,1,6
97333994,75000,2024-04-18,3,1,2,0,0,0,1,5
97334188,150000,2024-04-18,8,1,1,0,0,0,1,6
97335167,150000,2024-04-18,2,1,2,0,0,0,1,5
97337106,30000,2024-04-18,3,1,1,0,0,0,1,1
97337829,55000,2024-04-18,3,1,1,0,0,0,1,6
97338141,150000,2024-04-18,8,1,1,1,0,0,1,1
102653950,105000,2024-06-25,1,2,1,0,0,0,1,1
102654212,95000,2024-06-25,2,1,2,0,0,0,1,5
101645004,100000,2024-06-10,2,1,1,0,0,0,1,1
101646037,145000,2024-06-10,7,1,1,0,0,0,1,5
101647203,180000,2024-06-10,9,1,2,0,0,0,1,1
99137792,150000,2024-05-16,8,1,1,0,0,0,1,1
99139135,101500,2024-05-16,1,2,1,0,0,0,1,1
99139134,100000,2024-05-16,10,2,1,0,0,0,1,1
99140413,100000,2024-05-16,3,2,1,0,0,0,1,1
99140412,100000,2024-05-16,2,2,1,0,0,0,1,1
100388698,140000,2024-05-27,3,1,1,0,0,0,1,7
100389210,120000,2024-05-27,6,1,2,0,0,0,1,1
100394022,100000,2024-05-27,6,2,1,0,0,0,1,7
99283402,80000,2024-05-17,5,2,3,0,0,0,2,6
97973563,60000,2024-04-26,2,1,1,0,0,0,1,1
97974760,105000,2024-04-26,7,1,3,0,0,0,1,5
97974893,126750,2024-04-26,7,1,1,0,0,0,1,5
97976808,70000,2024-04-26,5,1,1,0,0,0,1,1
97978143,50000,2024-04-26,2,1,3,0,0,0,1,1
97978612,100000,2024-04-26,1,2,1,0,0,0,1,1
102203019,110000,2024-06-18,2,1,1,0,0,0,1,7
102203569,50000,2024-06-18,9,1,1,0,0,0,1,1
102205435,100000,2024-06-18,7,1,2,0,0,0,1,5
98535567,150000,2024-05-07,2,2,2,0,0,0,1,3
98535795,120000,2024-05-07,5,1,1,0,0,0,1,7
98536336,120000,2024-05-07,2,1,2,0,0,0,1,5
98536823,74000,2024-05-07,5,1,3,0,0,0,1,1
98537009,100000,2024-05-07,5,1,1,0,0,0,1,7
97005600,150000,2024-04-15,1,2,1,1,0,0,1,1
97005894,60000,2024-04-15,2,2,3,1,0,0,1,1
97008246,67000,2024-04-15,9,1,1,0,0,0,1,1
97009194,42000,2024-04-15,4,1,3,0,0,0,1,1
97009555,60000,2024-04-15,3,2,1,0,0,0,1,1
97009604,180000,2024-04-15,2,1,2,0,0,0,1,7
100040790,63700,2024-05-24,1,1,3,0,0,0,1,1
99845644,60000,2024-05-22,1,1,1,0,0,0,1,1
99846465,120000,2024-05-22,8,2,1,0,0,0,1,6
99846463,120000,2024-05-22,9,2,1,0,0,0,1,6
99846462,120000,2024-05-22,1,2,1,0,0,0,1,6
99846464,120000,2024-05-22,3,2,1,0,0,0,1,6
99848151,112000,2024-05-22,8,1,1,0,0,0,1,1
99848406,250000,2024-05-22,7,1,3,0,0,0,1,7
98432153,69000,2024-05-06,1,1,1,0,0,0,1,5
98432954,55000,2024-05-06,7,1,1,0,0,0,1,3
98433558,92000,2024-05-06,1,1,1,0,0,0,1,1
98433644,80000,2024-05-06,1,1,1,0,0,0,1,1
98433762,40000,2024-05-06,10,1,1,0,0,0,1,1
97173482,130000,2024-04-17,5,1,2,0,0,0,1,7
97173876,40000,2024-04-17,5,1,1,0,0,0,1,7
97174413,35000,2024-04-17,5,1,1,0,0,0,1,1
97177928,120000,2024-04-17,5,1,1,0,0,0,1,6
97179532,46800,2024-04-17,5,4,3,0,0,0,1,1
97180943,120000,2024-04-17,6,1,1,0,0,0,1,1
97180942,120000,2024-04-17,6,1,1,0,0,0,1,1
97787296,220000,2024-04-24,2,1,1,0,0,0,1,6
97787357,130000,2024-04-24,4,2,1,0,0,0,1,7
97789644,80000,2024-04-24,2,2,3,0,1,0,1,1
100710376,340000,2024-05-30,2,1,2,0,0,0,1,6
100711346,300000,2024-05-30,2,2,2,0,0,0,1,6
100711583,90000,2024-05-30,1,1,1,0,0,0,1,6
100712537,105000,2024-05-30,6,1,2,0,0,0,1,1
100714671,92000,2024-05-30,4,1,3,0,0,0,1,6
99672332,150000,2024-05-21,7,1,1,0,0,0,1,1
99672685,130000,2024-05-21,10,1,2,0,0,0,1,5
99672689,85000,2024-05-21,2,1,3,0,0,0,1,1
97628346,35000,2024-04-22,3,4,1,0,0,0,3,1
97628923,160000,2024-04-22,7,1,1,0,0,0,1,5
97629147,90000,2024-04-22,2,1,3,0,0,0,1,7
97629299,80000,2024-04-22,3,1,1,0,0,0,1,1
97630528,120000,2024-04-22,3,1,1,0,0,0,1,6
97630654,72500,2024-04-22,9,1,1,0,0,0,1,5
97630721,700000,2024-04-22,4,1,3,0,0,0,1,5
97631816,200000,2024-04-22,2,1,1,0,0,0,1,1
98809377,250000,2024-05-13,2,1,2,0,0,0,3,3
98545980,80000,2024-05-13,6,1,1,0,0,0,1,1
98545979,80000,2024-05-13,6,1,1,0,0,0,1,1
98545978,80000,2024-05-13,6,1,1,0,0,0,1,1
98810879,200000,2024-05-13,3,2,1,0,0,0,1,1
98810912,200000,2024-05-13,3,2,2,0,0,0,1,1
98810987,200000,2024-05-13,7,1,2,0,0,0,1,5
98811185,136000,2024-05-13,2,1,1,0,0,0,1,7
100573465,70000,2024-05-29,10,1,1,0,0,0,1,1
101649655,250000,2024-06-10,2,1,2,0,0,0,1,6
98539014,50000,2024-05-07,4,1,3,0,0,0,1,1
98539516,90000,2024-05-07,2,1,1,0,0,0,1,1
98539992,60000,2024-05-07,9,1,1,0,0,0,1,1
97338546,30000,2024-04-18,10,1,3,0,0,0,1,1
97339123,82800,2024-04-18,1,1,1,0,0,0,1,5
97339588,280000,2024-04-18,5,1,1,0,0,0,1,6
97341212,80000,2024-04-18,1,2,3,0,0,0,2,6
97341225,200000,2024-04-18,7,1,1,0,0,0,1,1
97341226,200000,2024-04-18,7,1,1,0,0,0,1,1
97341224,170000,2024-04-18,2,2,1,0,0,0,1,1
97341227,200000,2024-04-18,7,1,1,1,0,0,1,1
97342376,100328,2024-04-18,1,1,1,0,0,0,1,1
97343137,55000,2024-04-18,10,1,3,0,0,0,1,1
102657805,130000,2024-06-25,2,1,2,0,0,0,1,7
102661099,278000,2024-06-25,2,1,2,0,0,0,1,1
96612679,100000,2024-04-10,2,1,1,0,0,0,1,1
96603415,65000,2024-04-10,1,1,1,0,0,0,1,1
96603434,65000,2024-04-10,9,1,1,0,0,0,1,1
96613006,130000,2024-04-10,10,1,2,0,0,0,1,5
96613605,71000,2024-04-10,6,1,1,0,0,0,1,1
96614545,75000,2024-04-10,7,1,1,0,0,0,1,1
96614613,106000,2024-04-10,2,1,1,0,0,0,1,1
96614733,150000,2024-04-10,2,1,1,0,0,0,1,7
96616124,90000,2024-04-10,2,1,3,0,0,0,1,1
96616809,54000,2024-04-10,4,1,3,0,0,0,1,1
96616875,87900,2024-04-10,4,1,1,0,0,0,1,5
97009923,80000,2024-04-15,5,1,1,0,0,0,1,1
97009934,55000,2024-04-15,6,1,1,0,0,0,1,1
97982325,68000,2024-04-26,10,1,3,0,0,0,1,1
97983094,60000,2024-04-26,10,1,3,0,0,0,1,1
97983558,60000,2024-04-26,4,1,1,0,0,0,1,1
97985277,80000,2024-04-26,6,1,2,0,0,0,1,1
100394783,60000,2024-05-27,6,1,1,0,0,0,1,1
100395692,60000,2024-05-28,9,1,1,0,0,0,1,1
100396666,270000,2024-05-28,2,1,1,0,0,0,1,7
100399353,78000,2024-05-28,2,1,3,0,0,0,1,6
100399639,380000,2024-05-28,10,2,4,0,0,0,1,3
99849926,46000,2024-05-22,8,1,3,0,0,0,1,6
99851579,180000,2024-05-22,6,2,1,0,0,0,1,1
99851758,15000,2024-05-22,2,1,3,0,1,0,2,1
98542814,80000,2024-05-07,4,1,3,0,0,0,1,6
98543862,93000,2024-05-07,9,1,1,0,0,0,1,1
100715751,80000,2024-05-30,6,1,1,0,0,0,1,1
100046640,70000,2024-05-24,2,1,2,0,0,0,1,1
100047271,100000,2024-05-24,7,1,2,0,0,0,1,5
100047668,340000,2024-05-24,10,2,2,0,0,0,1,1
100048002,62000,2024-05-24,2,1,3,0,0,0,1,1
100049274,60000,2024-05-24,2,1,3,0,0,0,1,1
100051922,82400,2024-05-24,7,1,1,0,0,0,1,5
100052970,50000,2024-05-24,5,1,1,0,0,0,1,6
97791547,50000,2024-04-24,9,2,1,1,0,0,1,1
97792425,120000,2024-04-24,4,1,3,0,0,0,1,7
98435605,55000,2024-05-06,6,1,3,0,0,0,1,1
98435864,150000,2024-05-06,2,1,1,0,0,0,1,1
98436862,120000,2024-05-06,2,2,2,0,0,0,1,1
98437803,130000,2024-05-06,7,2,1,0,0,0,1,1
98438009,180000,2024-05-06,2,2,2,0,0,0,1,1
98439455,80000,2024-05-06,2,2,1,0,0,0,1,1
98813135,260000,2024-05-13,2,2,1,0,0,0,1,3
98817151,75000,2024-05-13,9,1,1,0,0,0,1,5
97182183,70000,2024-04-17,6,1,3,0,0,0,1,1
97182518,160000,2024-04-17,2,1,2,0,0,0,1,5
97183481,46800,2024-04-17,5,4,3,0,0,0,1,1
97185609,90000,2024-04-17,4,1,2,0,0,0,1,1
97186016,250000,2024-04-17,9,3,1,0,0,0,1,6
97187301,70000,2024-04-17,6,1,1,0,0,0,1,6
97187411,150000,2024-04-17,2,1,2,0,0,0,1,5
97188352,150000,2024-04-17,2,1,1,0,0,0,1,7
99675335,48400,2024-05-21,10,1,1,0,0,0,1,5
99677959,70000,2024-05-21,3,1,3,0,0,0,1,1
101652043,45000,2024-06-10,4,1,3,0,0,0,1,1
101652294,65900,2024-06-10,4,1,3,0,0,0,1,7
101652577,100000,2024-06-10,5,1,2,0,0,0,1,1
100576225,150000,2024-05-29,2,1,1,0,0,0,1,7
100577318,60000,2024-05-29,2,2,1,0,0,0,1,7
100580050,34000,2024-05-29,8,1,3,0,0,0,1,1
97016202,80000,2024-04-15,6,1,2,0,0,0,1,1
97017392,85000,2024-04-15,8,1,1,0,0,0,1,1
97018483,170000,2024-04-15,3,1,2,0,0,0,1,7
97018605,65000,2024-04-15,2,1,3,0,0,0,1,1
97018824,70000,2024-04-15,10,1,1,0,0,0,1,1
102663611,50000,2024-06-25,1,1,3,0,0,0,2,7
102663936,80000,2024-06-25,1,2,3,0,0,0,2,7
102665535,70000,2024-06-25,2,1,1,0,0,0,1,1
102666237,75000,2024-06-25,4,1,1,0,0,0,1,1
97347958,84500,2024-04-18,4,1,2,0,0,0,1,7
97348937,145800,2024-04-18,7,1,1,0,0,0,1,5
97349762,150000,2024-04-18,2,1,1,0,0,0,1,6
97350496,75100,2024-04-19,7,1,3,0,0,0,1,5
98546193,180000,2024-05-07,5,2,2,0,0,0,1,1
98548961,56600,2024-05-07,4,1,1,0,0,0,1,1
100721539,39000,2024-05-30,10,2,3,1,0,0,1,1
100721542,39000,2024-05-30,4,2,3,1,0,0,1,1
100721536,39000,2024-05-30,8,2,3,1,0,0,1,1
100721532,39000,2024-05-30,9,2,3,1,0,0,1,1
100721534,39000,2024-05-30,1,2,3,1,0,0,1,1
100721531,39000,2024-05-30,3,2,3,1,0,0,1,1
100721529,39000,2024-05-30,5,2,3,1,0,0,1,1
100721530,39000,2024-05-30,6,2,3,1,0,0,1,1
100721528,39000,2024-05-30,2,2,3,1,0,0,1,1
100722036,79300,2024-05-30,2,1,1,0,0,0,1,7
100724115,80000,2024-05-30,4,1,1,0,0,0,1,7
98818854,150000,2024-05-13,9,1,2,0,0,0,1,7
98819912,45000,2024-05-13,2,1,1,0,0,0,1,3
98821400,300000,2024-05-13,2,1,1,0,0,0,1,6
99855674,70000,2024-05-22,4,1,1,0,0,0,1,5
99858206,150000,2024-05-22,2,1,1,0,0,0,1,7
99858402,86000,2024-05-22,1,1,1,0,0,0,1,5
99858986,65000,2024-05-22,7,1,3,0,0,0,1,1
99859320,100000,2024-05-22,4,1,2,0,0,0,1,1
99860850,120000,2024-05-22,3,1,1,0,0,0,1,7
99861157,120000,2024-05-23,2,2,1,0,0,0,1,1
97987124,200000,2024-04-26,2,1,3,0,0,0,1,1
100412526,80000,2024-05-28,3,1,2,0,0,0,1,1
100416499,65400,2024-05-28,2,1,3,0,0,0,1,1
100417412,70000,2024-05-28,7,1,1,0,0,0,1,1
97799438,100000,2024-04-24,5,1,1,0,0,0,1,1
97799555,110000,2024-04-24,6,1,1,0,0,0,1,1
97800330,170000,2024-04-24,2,2,1,0,0,0,1,6
97800538,70000,2024-04-24,10,2,1,0,0,0,1,7
97800561,25000,2024-04-24,6,2,3,0,0,0,3,1
97801847,60000,2024-04-24,9,1,1,0,0,0,1,1
96619610,140000,2024-04-10,2,2,2,0,0,0,1,1
96621041,90000,2024-04-10,2,1,1,0,0,0,1,5
96621585,80000,2024-04-10,9,2,3,0,0,0,2,7
99680738,280000,2024-05-21,6,2,2,0,0,0,1,6
99681013,60000,2024-05-21,2,1,1,0,0,0,1,1
99681724,180000,2024-05-21,2,1,3,1,0,0,1,1
99682604,55000,2024-05-21,4,1,1,0,0,0,1,1
99683998,175000,2024-05-21,6,2,4,0,0,0,1,1
99684622,180000,2024-05-21,5,1,2,0,0,0,1,1
99684696,82800,2024-05-21,1,1,1,0,0,0,1,5
97019808,270000,2024-04-15,2,2,2,0,0,0,1,1
97020112,120000,2024-04-15,3,1,2,0,0,0,1,6
97020210,300000,2024-04-15,7,2,2,0,0,0,1,1
97020211,300000,2024-04-15,2,2,2,0,0,0,1,1
97022305,70000,2024-04-15,2,1,3,0,0,0,1,1
97188646,68900,2024-04-17,2,1,1,0,0,0,1,1
97194854,150000,2024-04-17,3,2,1,0,0,0,3,1
97194895,120000,2024-04-17,9,2,1,0,0,0,1,1
97195121,140000,2024-04-17,7,1,1,0,0,0,1,5
100053505,200000,2024-05-24,2,1,2,0,0,0,1,3
100054523,100000,2024-05-24,2,1,1,0,0,0,1,1
100056876,120000,2024-05-24,3,1,2,0,0,0,1,5
100057707,100000,2024-05-24,7,1,1,0,0,0,1,5
100057710,100000,2024-05-24,7,1,1,0,0,0,1,5
100057709,100000,2024-05-24,7,1,1,0,0,0,1,5
100057708,100000,2024-05-24,7,1,1,0,0,0,1,5
100058000,50000,2024-05-24,8,1,3,0,0,0,1,6
100061096,16000,2024-05-24,6,2,3,0,0,0,3,1
100727802,278000,2024-05-30,2,1,2,0,0,0,1,1
100729168,80000,2024-05-30,3,1,1,0,0,0,1,1
100729303,65000,2024-05-30,2,1,1,0,0,0,1,1
100729591,61000,2024-05-30,10,1,1,0,0,0,1,3
100729639,250000,2024-05-30,2,1,1,0,0,0,1,1
100581830,250000,2024-05-29,4,1,2,0,0,0,1,1
100581831,250000,2024-05-29,2,1,2,0,0,0,1,1
100582516,40000,2024-05-29,2,1,3,0,0,0,1,3
100584555,130000,2024-05-29,9,1,1,0,0,0,1,7
100584768,270000,2024-05-29,8,1,2,0,0,0,1,6
100584769,270000,2024-05-29,2,1,2,0,0,0,1,6
98822069,250000,2024-05-13,2,1,1,0,0,0,1,1
98822447,79000,2024-05-13,3,1,1,0,0,0,1,1
98825225,50000,2024-05-13,2,1,1,0,0,0,1,1
102676534,250000,2024-06-25,7,1,1,0,0,0,1,6
102676535,250000,2024-06-25,7,1,1,0,0,0,1,6
102676563,500000,2024-06-25,10,2,4,0,0,0,1,6
99862925,80000,2024-05-23,2,1,1,0,0,0,1,1
99863012,50000,2024-05-23,1,1,1,0,0,0,1,1
99863597,150000,2024-05-23,4,2,1,0,0,0,1,7
99864533,103449,2024-05-23,7,1,1,0,0,0,1,1
99866280,350000,2024-05-23,2,2,2,0,0,0,1,6
99867111,50000,2024-05-23,2,1,1,0,0,0,1,1
99867722,160000,2024-05-23,2,2,2,0,0,0,1,7
97995022,82800,2024-04-26,1,1,1,0,0,0,1,5
97996203,80000,2024-04-26,7,2,1,0,0,0,1,7
97996236,150000,2024-04-26,2,2,1,0,0,0,1,6
97998024,148609,2024-04-26,7,1,3,0,0,0,1,5
97998067,140000,2024-04-26,7,1,1,0,0,0,1,5
99686666,150000,2024-05-21,9,2,2,0,0,0,1,7
99686664,150000,2024-05-21,2,2,2,0,0,0,1,7
99686665,150000,2024-05-21,6,2,2,0,0,0,1,7
99686667,150000,2024-05-21,3,2,2,0,0,0,1,7
99687382,175000,2024-05-21,2,1,1,0,0,0,1,1
99688319,45000,2024-05-21,5,1,1,0,0,0,1,1
99689223,50000,2024-05-21,4,1,3,0,0,0,1,1
99689629,100000,2024-05-21,6,1,1,0,0,0,1,5
97351223,110000,2024-04-19,2,2,1,0,0,0,1,7
97352266,80000,2024-04-19,1,2,1,0,0,0,1,1
97358049,220000,2024-04-19,2,1,1,0,0,0,1,1
100061794,280000,2024-05-24,2,2,2,0,0,0,1,6
100064490,80000,2024-05-24,3,1,1,0,0,0,1,1
100065565,50000,2024-05-24,1,1,3,0,0,0,1,1
100732343,80000,2024-05-30,8,1,1,0,0,0,1,1
100732757,60000,2024-05-30,3,1,3,0,0,0,2,1
100733740,70000,2024-05-30,9,1,1,0,0,0,1,1
97195240,100000,2024-04-17,7,1,1,0,0,0,1,5
97195493,150000,2024-04-17,7,1,1,0,0,0,1,5
97195814,120000,2024-04-17,7,1,1,0,0,0,1,5
97197852,80000,2024-04-17,4,2,3,0,0,0,2,7
97197931,65000,2024-04-17,2,2,3,0,0,0,1,1
97199847,56000,2024-04-17,3,1,1,0,0,0,1,1
96624014,170000,2024-04-10,5,1,2,0,0,0,1,1
96626842,60000,2024-04-10,2,1,1,0,0,0,1,1
96627454,50000,2024-04-10,2,2,1,0,0,0,1,3
96627662,115000,2024-04-10,7,1,1,0,0,0,1,5
100586072,101500,2024-05-29,1,2,1,0,0,0,1,1
100586383,101500,2024-05-29,2,2,1,0,0,0,1,1
100588886,100000,2024-05-29,9,1,1,0,0,0,1,3
100589187,120000,2024-05-29,2,1,1,0,0,0,1,7
100590286,80000,2024-05-29,5,2,1,0,0,0,1,1
99874536,140000,2024-05-23,3,2,2,0,0,0,1,1
99890979,150000,2024-05-23,2,2,1,0,0,0,1,3
102676738,500000,2024-06-25,10,2,4,0,0,0,1,6
102677357,115000,2024-06-25,2,1,1,0,0,0,1,5
102677401,100000,2024-06-25,2,2,1,0,0,0,1,7
102678579,80000,2024-06-25,4,1,3,0,0,0,1,6
102680019,20000,2024-06-25,6,2,3,0,0,0,3,1
102681996,120000,2024-06-25,2,2,1,1,0,0,1,6
102682304,105000,2024-06-25,5,1,1,0,0,0,1,5
102682658,65000,2024-06-25,9,1,1,0,0,0,1,5
99690932,70000,2024-05-21,2,1,2,0,0,0,1,5
99693038,90000,2024-05-21,10,2,3,0,0,0,1,7
98001453,80000,2024-04-26,3,2,3,0,0,0,2,6
98002405,42000,2024-04-26,4,1,3,0,0,0,1,1
98002625,42000,2024-04-26,4,1,3,0,0,0,1,1
98002626,42000,2024-04-26,4,1,3,0,0,0,1,1
98002953,90000,2024-04-26,4,1,1,0,0,0,1,1
98003926,69000,2024-04-26,2,1,1,1,0,0,1,1
98004470,150000,2024-04-26,9,1,1,0,0,0,1,1
98004649,70000,2024-04-26,6,1,1,0,0,0,1,1
98004671,120000,2024-04-26,2,1,1,0,0,0,1,1
98005176,120000,2024-04-26,10,1,1,0,0,0,1,3
97377844,80000,2024-04-19,5,1,1,0,0,0,1,1
97200737,80000,2024-04-17,8,2,3,0,0,0,2,6
97201606,148609,2024-04-17,7,1,3,0,0,0,1,5
97202599,150000,2024-04-17,2,1,1,0,0,0,1,5
97203481,70000,2024-04-17,4,1,1,0,0,0,1,1
97203662,87000,2024-04-17,3,1,1,0,0,0,1,1
97204561,80000,2024-04-17,3,2,3,0,0,0,1,5
100734658,53950,2024-05-30,2,1,3,0,0,0,2,5
100734739,64400,2024-05-30,4,1,3,0,0,0,1,1
100735602,68900,2024-05-30,8,1,1,0,0,0,1,1
100739613,200000,2024-05-31,3,2,2,0,0,0,1,6
100739614,110000,2024-05-31,2,2,1,0,0,0,1,1
100071014,51000,2024-05-24,6,1,1,0,0,0,1,1
100071775,65000,2024-05-24,2,2,3,0,0,0,1,7
100074550,200000,2024-05-24,7,1,1,0,0,0,1,1
102684502,70000,2024-06-25,2,1,1,0,0,0,1,1
102684601,170000,2024-06-25,2,2,1,0,0,0,1,1
102685512,45566,2024-06-25,6,1,1,0,0,0,1,1
102690158,150000,2024-06-25,2,1,2,0,0,0,1,5
100742189,90000,2024-05-31,5,2,1,0,0,0,1,1
96630754,80000,2024-04-10,6,2,1,0,0,0,1,1
96630753,80000,2024-04-10,9,2,1,0,0,0,1,1
99908775,40000,2024-05-23,2,1,3,0,0,0,1,7
99910516,62000,2024-05-23,3,1,1,0,0,0,1,1
97384563,70000,2024-04-19,6,1,3,0,0,0,1,1
97385001,150000,2024-04-19,6,1,2,0,0,0,1,1
97385804,90000,2024-04-19,6,1,2,0,0,0,1,1
97386170,70000,2024-04-19,6,1,3,0,0,0,1,1
97388108,42000,2024-04-19,1,1,1,0,0,0,1,1
97390430,30000,2024-04-19,2,2,1,0,0,0,1,1
97391340,80000,2024-04-19,1,1,1,0,0,0,1,1
98006819,100000,2024-04-26,6,2,1,0,0,0,1,7
98008928,80000,2024-04-26,1,2,3,0,0,0,2,1
98010581,160000,2024-04-27,2,1,1,0,0,0,1,1
98010753,400000,2024-04-27,2,2,2,0,0,0,1,6
98010874,80000,2024-04-27,2,2,3,0,0,0,2,1
100069821,72000,2024-05-24,3,1,1,0,0,0,1,1
100076242,120000,2024-05-24,4,1,1,0,0,0,1,6
100076920,120000,2024-05-24,5,1,1,0,0,0,1,7
100078428,65000,2024-05-24,3,1,1,0,0,0,1,1
100080303,69000,2024-05-24,1,1,1,0,0,0,1,5
100761527,215000,2024-05-31,2,2,2,0,0,0,1,6
102691392,100000,2024-06-25,2,1,1,0,0,0,1,7
102693341,47000,2024-06-25,4,1,1,0,0,0,1,1
102694810,50000,2024-06-25,5,1,3,0,0,0,1,1
102694872,47000,2024-06-25,1,1,3,0,0,0,1,7
102696382,80000,2024-06-25,4,2,3,0,0,0,2,6
102696473,80000,2024-06-25,9,2,3,0,0,0,2,6
97392609,97000,2024-04-19,2,1,1,0,0,0,1,1
97392771,120000,2024-04-19,8,1,1,0,0,0,1,7
97393569,45000,2024-04-19,6,1,1,0,0,0,1,1
97393989,80000,2024-04-19,9,1,1,0,0,0,1,1
97394628,50000,2024-04-19,2,1,1,0,0,0,1,1
97401031,120000,2024-04-19,2,1,2,0,0,0,1,1
97401528,80000,2024-04-19,7,1,1,0,0,0,1,6
97402399,60000,2024-04-19,3,1,1,0,0,0,1,7
98012278,97000,2024-04-27,2,1,1,0,0,0,1,5
98013443,190000,2024-04-27,2,1,1,0,0,0,1,6
98013453,140000,2024-04-27,2,2,2,0,0,0,1,6
98014009,80000,2024-04-27,8,2,1,0,0,0,1,7
98016336,130000,2024-04-27,6,2,1,0,1,0,1,1
98017126,60000,2024-04-27,3,1,1,0,0,0,1,1
98017427,120000,2024-04-27,2,2,1,0,0,0,1,7
98018603,200000,2024-04-27,2,1,1,0,0,0,1,1
98019605,180000,2024-04-27,6,2,1,0,0,0,1,6
100082408,200000,2024-05-24,2,1,3,0,0,0,1,7
100083488,60000,2024-05-24,9,2,1,0,0,0,1,7
100083489,60000,2024-05-24,10,2,1,0,0,0,1,7
100084555,110000,2024-05-24,8,2,2,0,0,0,1,5
100086340,80000,2024-05-24,1,1,1,0,0,0,1,6
100087398,100000,2024-05-24,2,1,3,0,0,0,1,1
100088341,80000,2024-05-24,3,1,3,0,1,0,1,1
96634015,85000,2024-04-10,6,1,1,0,0,0,1,1
96634506,64400,2024-04-10,4,1,1,0,0,0,1,1
96637194,120000,2024-04-10,2,1,1,0,0,0,1,7
96638726,65000,2024-04-10,1,1,2,0,0,0,1,7
102697928,125000,2024-06-25,7,1,1,0,0,0,1,1
102698121,70000,2024-06-25,8,1,1,0,0,0,1,1
102699072,115000,2024-06-25,7,1,1,0,0,0,1,3
102699142,150000,2024-06-25,3,1,1,0,0,0,1,7
102699795,15000,2024-06-25,7,1,3,0,0,0,1,1
102700781,120000,2024-06-25,7,1,3,0,0,0,1,5
102701248,80000,2024-06-25,10,1,1,0,0,0,1,1
102701791,80000,2024-06-25,7,1,1,0,0,0,1,1
102701790,80000,2024-06-25,7,1,1,0,0,0,1,1
102701789,80000,2024-06-25,7,1,1,0,0,0,1,1
100789159,150000,2024-05-31,6,1,1,0,0,0,1,6
100789506,91000,2024-05-31,5,1,1,0,0,0,1,5
98037902,140000,2024-04-27,3,1,1,0,0,0,1,6
98039549,60000,2024-04-27,6,1,1,0,0,0,1,7
98044710,90000,2024-04-27,6,1,2,0,0,0,1,1
100791056,100000,2024-05-31,6,1,1,0,0,0,1,7
102705330,240000,2024-06-25,9,2,1,0,0,0,1,6
102705331,240000,2024-06-25,5,2,1,0,0,0,1,6
102705722,70000,2024-06-25,2,1,1,0,0,0,1,1
102708282,90000,2024-06-26,2,1,2,0,0,0,1,5
102708401,175000,2024-06-26,6,2,2,0,0,0,1,1
102711084,90000,2024-06-26,2,1,1,0,0,0,1,1
102711410,300000,2024-06-26,2,2,2,0,0,0,1,6
102711524,300000,2024-06-26,2,2,2,0,0,0,1,1
100088719,56000,2024-05-24,7,1,1,0,0,0,1,1
100088739,100000,2024-05-24,2,1,1,0,0,0,1,1
100090331,80000,2024-05-24,3,1,3,0,1,0,1,1
100092989,80000,2024-05-24,3,1,3,0,1,0,1,1
100093794,110000,2024-05-24,2,1,2,0,0,0,1,5
100094728,230000,2024-05-24,2,1,2,0,0,0,1,7
96638853,80000,2024-04-10,5,2,1,0,0,0,1,1
96639241,150000,2024-04-10,5,1,2,0,0,0,1,7
96640068,440000,2024-04-10,2,2,1,1,0,0,1,6
96641138,100000,2024-04-11,2,1,1,0,0,0,1,7
96641504,50000,2024-04-11,2,2,1,0,0,0,1,6
96641750,100000,2024-04-11,3,1,1,0,0,0,1,7
96641950,190000,2024-04-11,2,3,2,0,0,0,1,5
96642819,240000,2024-04-11,4,1,2,0,0,0,1,7
96644248,50000,2024-04-11,4,2,1,0,0,0,1,1
96644283,5000,2024-04-11,4,1,3,0,0,0,3,1
96644302,100000,2024-04-11,8,1,1,0,0,0,1,7
100795959,60000,2024-05-31,4,1,3,1,0,0,1,1
100796453,50000,2024-05-31,5,1,3,0,0,0,1,1
100797377,70000,2024-05-31,2,1,3,0,0,0,1,1
98046032,55000,2024-04-27,5,1,3,0,0,0,1,5
98046069,55000,2024-04-27,5,1,3,0,0,0,1,5
98046158,92000,2024-04-27,4,1,1,0,0,0,1,6
98048416,150000,2024-04-27,9,1,1,0,0,0,1,1
98048843,80000,2024-04-27,8,1,1,0,0,0,1,1
98048902,170000,2024-04-27,2,2,1,0,0,0,1,1
102712548,70000,2024-06-26,2,1,1,0,0,0,1,1
102715605,80000,2024-06-26,3,1,1,0,0,0,1,1
102716015,150000,2024-06-26,2,1,1,0,0,0,1,7
102718460,93750,2024-06-26,6,1,1,0,0,0,1,7
98053081,70000,2024-04-27,2,1,1,0,0,0,1,1
100798346,80000,2024-05-31,4,1,1,0,0,0,1,1
100800350,91800,2024-05-31,1,1,1,0,0,0,1,5
100800654,160000,2024-05-31,5,1,1,0,0,0,1,6
102720037,100000,2024-06-26,3,1,1,0,0,0,1,7
98056728,135000,2024-04-27,5,1,1,0,0,0,1,7
98057087,60000,2024-04-27,9,1,1,0,0,0,1,1
98057938,250000,2024-04-27,2,2,1,0,0,0,1,3
98059644,45000,2024-04-27,10,1,1,0,0,0,1,1
98060485,83000,2024-04-27,2,1,1,0,0,0,1,1
100805776,95000,2024-05-31,3,2,1,0,0,0,1,1
100807426,100000,2024-05-31,10,1,1,0,0,0,1,7
100809132,70000,2024-05-31,3,1,1,0,0,0,1,1
98064302,50000,2024-04-27,10,2,1,0,0,0,1,1
98064854,38000,2024-04-27,4,1,1,0,0,0,1,1
98066389,200000,2024-04-27,2,1,2,0,0,0,1,7
98068140,70000,2024-04-27,8,1,3,0,0,0,1,1
100810327,101000,2024-05-31,6,1,1,0,0,0,1,5
100811837,76840,2024-05-31,6,1,1,0,0,0,1,5
100812036,173000,2024-05-31,7,1,1,0,0,0,1,5
100812237,90000,2024-05-31,2,1,3,0,0,0,1,1
100812833,172095,2024-05-31,7,1,1,0,0,0,1,5
98070891,120000,2024-04-27,2,1,1,0,0,0,1,1
98071306,300000,2024-04-27,3,1,4,0,0,0,1,5
98075316,86000,2024-04-27,6,1,1,0,0,0,1,7
98075393,90000,2024-04-27,4,1,1,0,0,0,1,1
100816495,69000,2024-05-31,1,1,1,0,0,0,1,5
100817116,200000,2024-05-31,8,1,3,0,0,0,1,1
100817340,20000,2024-05-31,3,2,3,0,0,0,2,7
100818628,250000,2024-05-31,2,2,4,0,0,0,1,6
100820083,25000,2024-05-31,2,1,3,0,0,0,2,1
98076116,70000,2024-04-27,2,1,1,0,0,0,1,5
98077445,45000,2024-04-27,2,2,3,0,0,0,1,1
98078897,50000,2024-04-27,9,3,3,0,0,0,1,1
98080067,150000,2024-04-27,4,1,1,0,0,0,1,1
98080263,92000,2024-04-27,2,1,1,0,0,0,1,1
100827010,90000,2024-05-31,3,1,1,0,0,0,1,7
100827054,40000,2024-05-31,3,1,3,0,0,0,1,1
100827312,110000,2024-05-31,6,2,1,0,0,0,1,1
100827392,85920,2024-05-31,4,2,3,0,0,0,1,7
100828137,200000,2024-05-31,4,1,1,0,0,0,1,5
100828613,158000,2024-05-31,7,1,1,0,0,0,1,5
100831565,65000,2024-05-31,2,1,2,0,0,0,1,1
100831638,80000,2024-05-31,9,2,3,0,0,0,2,7
98082206,54500,2024-04-27,6,2,3,1,0,0,1,5
98082223,140000,2024-04-27,6,2,1,0,0,0,1,6
98082240,69000,2024-04-27,1,1,1,0,0,0,1,5
98082383,54500,2024-04-27,4,2,3,1,0,0,1,5
98082404,50500,2024-04-27,1,2,3,1,0,0,1,5
98082440,54500,2024-04-27,3,2,3,1,0,0,1,5
98083988,50000,2024-04-27,3,1,1,0,0,0,1,1
98084503,150000,2024-04-27,2,1,2,0,0,0,1,1
98085984,160000,2024-04-27,7,1,2,0,0,0,1,5
98086606,50000,2024-04-27,8,2,1,0,0,0,1,1
98087735,90000,2024-04-28,2,1,1,0,0,0,1,5
98088939,54000,2024-04-28,4,1,3,0,0,0,1,7
100836111,180000,2024-05-31,5,2,1,0,0,0,1,6
100836710,135000,2024-05-31,3,2,1,0,0,0,1,6
100839204,49500,2024-05-31,8,1,1,0,0,0,1,1
100839563,70000,2024-05-31,3,1,3,0,0,0,1,1
100840048,300000,2024-05-31,2,2,2,0,0,0,1,7
98089449,320000,2024-04-28,2,2,2,0,0,0,1,6
98090151,80000,2024-04-28,2,2,1,0,0,0,3,1
98090400,60000,2024-04-28,2,2,3,0,0,0,3,1
98091367,75000,2024-04-28,3,1,1,0,0,0,1,7
98091371,75000,2024-04-28,3,1,1,0,0,0,1,7
98091823,120000,2024-04-28,2,1,1,0,0,0,1,7
98092770,70000,2024-04-28,2,2,1,1,0,0,1,1
100842422,100000,2024-05-31,3,1,2,0,0,0,1,5
98117846,300000,2024-04-29,2,1,2,0,0,0,1,5
98130692,300000,2024-04-29,3,1,1,0,0,0,1,5
98139786,300000,2024-04-30,2,2,2,0,0,0,1,6
98146217,197000,2024-04-30,2,2,2,0,0,0,1,6
98156299,80000,2024-04-30,6,2,3,0,0,0,2,7
98158073,80000,2024-04-30,4,1,3,0,0,0,1,6
98162972,80000,2024-04-30,4,2,3,0,0,0,2,1
98703799,150000,2024-05-11,4,1,1,0,0,0,1,2
101655858,80000,2024-06-10,2,1,1,0,0,0,1,2
100924318,65000,2024-06-02,6,1,1,0,0,0,1,2
101262273,93000,2024-06-04,8,1,1,0,0,0,1,2
97025090,65000,2024-04-15,2,1,2,0,0,0,1,2
100427234,180000,2024-05-28,2,2,2,0,0,0,1,4
102554330,85000,2024-06-24,3,1,1,0,0,0,1,2
97402899,200000,2024-04-19,5,2,2,1,0,0,1,2
98826799,60000,2024-05-14,8,1,1,0,0,0,1,2
101660342,100000,2024-06-11,10,1,2,0,0,0,1,2
99003410,100000,2024-05-15,7,1,1,0,0,0,1,2
98440985,80000,2024-05-06,2,1,1,0,0,0,1,2
102559285,60500,2024-06-24,7,1,1,0,1,0,1,8
101518403,300000,2024-06-07,3,1,2,0,0,0,1,4
101518401,300000,2024-06-07,6,1,2,0,0,0,1,4
101518406,300000,2024-06-07,1,1,2,0,0,0,1,4
101518405,300000,2024-06-07,2,1,2,0,0,0,1,4
101518402,300000,2024-06-07,4,1,2,0,0,0,1,4
101518408,300000,2024-06-07,9,1,2,0,0,0,1,4
101518596,60000,2024-06-07,2,1,3,0,0,0,1,2
101519917,90000,2024-06-07,2,1,1,0,0,0,1,2
102327677,100000,2024-06-20,2,1,2,0,0,0,1,2
102328330,70000,2024-06-20,2,1,1,0,0,0,1,2
102329488,70000,2024-06-20,5,1,3,0,0,0,1,2
102211131,70000,2024-06-18,7,1,1,0,0,0,1,2
100451625,100000,2024-05-28,6,2,1,0,0,0,1,2
100456155,130000,2024-05-28,3,1,1,0,0,0,1,8
101443487,150000,2024-06-06,7,1,2,0,0,0,1,2
101443488,150000,2024-06-06,7,1,2,0,0,0,1,2
102033982,60000,2024-06-17,3,1,2,0,0,0,1,2
98449376,65000,2024-05-06,2,1,1,0,0,0,1,2
101345048,150000,2024-06-05,2,2,2,0,0,0,1,2
101345607,40000,2024-06-05,9,1,3,0,0,0,1,8
99288771,43000,2024-05-17,9,1,1,0,0,0,1,8
98747450,100000,2024-05-13,6,1,4,0,0,0,1,2
98747449,100000,2024-05-13,6,1,4,0,0,0,1,2
97408686,100000,2024-04-19,7,1,1,0,0,0,1,2
97410152,50000,2024-04-19,6,2,1,0,0,0,1,8
96648773,150000,2024-04-11,2,1,2,0,0,0,1,2
101445455,300000,2024-06-06,2,1,1,0,0,0,1,2
98848685,100000,2024-05-14,8,1,1,0,0,0,1,4
101663440,160000,2024-06-11,7,1,1,0,0,0,1,8
101044216,57000,2024-06-03,5,1,3,0,0,0,1,2
101274155,180000,2024-06-04,2,2,1,0,0,0,1,8
102405020,70000,2024-06-21,2,3,1,0,0,0,1,2
101776901,120000,2024-06-12,2,1,1,0,0,0,1,8
97636967,120000,2024-04-22,2,1,1,0,0,0,1,4
97638038,60000,2024-04-22,2,1,2,0,0,0,3,2
97640119,130000,2024-04-22,2,2,1,0,0,0,1,2
97640269,250000,2024-04-22,6,1,1,0,0,0,1,2
97031274,40000,2024-04-15,8,1,3,0,0,0,1,2
102114784,120000,2024-06-17,2,3,1,0,0,0,1,2
102115062,90000,2024-06-17,2,1,1,0,0,0,1,2
98183034,15000,2024-05-01,9,1,1,0,0,0,1,2
98183035,15000,2024-05-01,8,1,1,0,0,0,1,2
98183030,15000,2024-05-01,2,1,1,0,0,0,1,2
98183036,15000,2024-05-01,1,1,1,0,0,0,1,2
98183033,15000,2024-05-01,4,1,1,0,0,0,1,2
98183031,15000,2024-05-01,6,1,1,0,0,0,1,2
98183037,15000,2024-05-01,3,1,1,0,0,0,1,2
98183032,15000,2024-05-01,10,1,1,0,0,0,1,2
98184419,30000,2024-05-02,1,1,1,0,0,0,1,2
102336536,100000,2024-06-20,4,2,1,0,0,0,1,2
102337050,50000,2024-06-20,2,2,1,0,0,0,1,2
101665929,250000,2024-06-11,2,1,2,0,0,0,1,8
101055246,100000,2024-06-03,5,1,1,0,0,0,1,2
100593225,90000,2024-05-29,3,1,1,0,0,0,1,2
100595273,80000,2024-05-29,1,2,3,0,0,0,2,4
100595711,100000,2024-05-29,7,1,1,0,0,0,1,2
100595741,80000,2024-05-29,3,1,1,0,0,0,1,2
99011323,130000,2024-05-15,2,1,1,0,0,0,1,2
96504629,60000,2024-04-09,4,1,1,0,0,0,1,2
96504630,60000,2024-04-09,4,1,1,0,0,0,1,2
96504713,100000,2024-04-09,4,1,1,0,0,0,1,2
99293830,120000,2024-05-17,2,1,1,0,0,0,1,2
97208135,100000,2024-04-17,10,1,3,0,0,0,1,2
99697497,65000,2024-05-21,1,1,1,0,0,0,1,2
99699653,75000,2024-05-21,5,1,1,0,0,0,1,2
99542140,25000,2024-05-20,2,2,1,0,0,0,1,2
102562660,100000,2024-06-24,6,1,1,0,0,0,1,2
101354048,80000,2024-06-05,2,2,3,0,0,0,2,4
101879347,230000,2024-06-14,2,2,1,0,0,0,1,8
99925763,100000,2024-05-23,6,2,1,0,0,0,3,4
99925762,100000,2024-05-23,2,2,1,0,0,0,3,4
99925765,100000,2024-05-23,3,2,1,0,0,0,3,4
99925764,100000,2024-05-23,5,2,1,0,0,0,3,4
99925787,60000,2024-05-23,6,2,3,0,0,0,1,4
99925788,60000,2024-05-23,5,2,3,0,0,0,1,4
99925789,60000,2024-05-23,3,2,3,0,0,0,1,4
99925786,60000,2024-05-23,2,2,3,0,0,0,1,4
99143157,60000,2024-05-16,9,1,1,0,0,0,1,2
96675664,100000,2024-04-11,6,1,4,0,0,0,1,2
102140241,350000,2024-06-18,2,2,1,1,0,0,1,4
101790324,100000,2024-06-12,2,1,2,0,0,0,1,2
101791242,40000,2024-06-12,9,2,1,0,0,0,1,2
99544012,75000,2024-05-20,9,1,1,0,0,0,1,2
101062268,55000,2024-06-03,4,1,3,0,0,0,1,2
101062603,70000,2024-06-03,6,1,1,0,0,0,1,2
102052540,100000,2024-06-17,6,2,1,0,0,0,1,8
102053913,40000,2024-06-17,2,2,1,0,0,0,1,2
97645663,120000,2024-04-23,7,1,2,0,0,0,1,2
97038823,100000,2024-04-16,4,2,1,0,0,0,1,2
98759045,60000,2024-05-13,2,2,1,0,0,0,1,2
100098417,150000,2024-05-25,7,1,2,0,0,0,1,2
100099353,70000,2024-05-25,10,1,1,0,0,0,1,2
100099415,300000,2024-05-25,2,2,4,0,0,0,1,4
100099511,300000,2024-05-25,8,2,4,0,0,0,1,4
99015584,150000,2024-05-15,2,1,1,0,0,0,1,2
101689280,40000,2024-06-11,9,1,1,0,0,0,1,2
99295578,80000,2024-05-17,4,1,1,0,0,0,1,2
99297410,80000,2024-05-17,2,1,1,0,0,0,1,2
101523169,130000,2024-06-08,2,1,2,0,0,0,1,2
102575056,150000,2024-06-24,2,1,1,0,0,0,4,2
102575986,180000,2024-06-24,2,1,1,0,0,0,1,2
98886240,80000,2024-05-14,2,1,1,0,0,0,1,2
98887301,45000,2024-05-14,9,1,3,0,0,0,1,2
96509358,70000,2024-04-09,6,1,3,0,0,0,1,2
101363844,80000,2024-06-06,4,1,1,0,0,0,1,2
99548970,150000,2024-05-20,8,2,2,0,0,0,1,8
99549253,150000,2024-05-20,2,2,2,0,0,0,1,8
101798469,120000,2024-06-13,1,1,1,0,0,0,1,2
97417605,90000,2024-04-19,2,1,1,0,0,0,1,2
98301839,150000,2024-05-03,10,1,1,0,0,0,1,2
98301950,150000,2024-05-03,8,1,1,0,0,0,1,2
99702611,150000,2024-05-21,2,2,2,0,0,0,1,2
99704010,80000,2024-05-21,8,2,3,0,0,0,2,4
102215640,200000,2024-06-19,2,1,3,0,0,0,1,2
102408090,70000,2024-06-21,5,1,3,0,0,0,1,2
101695853,80000,2024-06-11,6,1,1,0,0,0,1,2
101697183,80000,2024-06-11,6,1,1,0,0,0,1,2
101697184,80000,2024-06-11,6,1,1,0,0,0,1,2
97214763,200000,2024-04-17,7,1,3,0,0,0,1,2
97218100,80000,2024-04-17,8,1,1,0,0,0,1,2
101467232,300000,2024-06-07,5,1,2,0,0,0,1,4
96349454,120000,2024-04-07,9,1,1,0,0,0,1,2
96351857,50000,2024-04-07,2,2,3,0,0,0,1,2
96352599,55000,2024-04-07,4,1,3,0,0,0,1,2
96356274,50000,2024-04-08,5,2,3,0,0,0,1,2
96356277,50000,2024-04-08,9,2,3,0,0,0,1,2
101389466,91000,2024-06-06,4,2,1,0,0,0,1,2
99929092,75000,2024-05-23,9,1,1,0,0,0,1,2
101280269,80000,2024-06-04,2,1,1,0,0,0,1,2
99148345,93000,2024-05-16,8,1,1,1,0,0,1,2
101281623,200000,2024-06-05,9,2,1,0,0,0,1,2
96802875,73000,2024-04-12,2,1,3,0,0,0,1,2
101889240,320000,2024-06-14,2,1,2,0,0,0,1,4
102416283,80000,2024-06-21,3,1,2,0,0,0,1,2
101824174,140000,2024-06-13,2,1,2,0,0,0,1,8
102582857,60000,2024-06-24,8,1,3,0,0,0,1,2
102151805,60000,2024-06-18,4,1,2,0,0,0,1,2
102153629,110000,2024-06-18,7,1,1,0,0,0,1,2
98304386,70000,2024-05-03,2,1,1,0,0,0,1,2
98305110,40000,2024-05-03,9,1,3,0,0,0,1,2
97650539,80000,2024-04-23,4,1,1,0,0,0,1,2
97653267,180000,2024-04-23,2,2,1,0,0,0,1,4
97653337,70000,2024-04-23,3,2,1,0,0,0,1,2
97653336,70000,2024-04-23,9,2,1,0,0,0,1,2
96375055,100000,2024-04-08,8,2,1,0,0,0,1,2
100602684,60000,2024-05-29,2,2,1,1,0,0,1,2
100603981,95000,2024-05-29,7,1,1,0,0,0,1,2
100604780,75000,2024-05-29,2,1,1,0,0,0,1,2
99022789,70000,2024-05-15,2,1,1,0,0,0,1,2
97220558,80000,2024-04-17,2,1,1,0,0,0,1,2
102065228,85000,2024-06-17,3,1,1,0,0,0,1,2
97075218,36000,2024-04-16,5,3,1,0,0,0,3,2
98454629,70000,2024-05-06,3,1,1,0,0,0,1,2
98565989,90000,2024-05-08,8,1,1,0,0,0,1,2
98568433,100000,2024-05-08,2,2,2,0,0,0,1,2
96514211,80000,2024-04-09,2,1,1,0,0,0,1,2
101707585,80000,2024-06-11,5,1,1,0,0,0,1,2
101708799,80000,2024-06-11,2,1,1,0,0,0,1,2
101830099,300000,2024-06-13,2,1,2,0,0,0,1,8
97430011,180000,2024-04-19,7,1,1,0,0,0,1,2
98893544,85000,2024-05-14,3,1,1,0,0,0,1,2
98893876,45000,2024-05-14,9,2,1,1,0,0,1,2
97656684,50000,2024-04-23,2,1,1,0,0,0,3,2
97664315,80000,2024-04-23,8,1,2,0,0,0,1,2
99302539,80000,2024-05-17,6,1,1,0,0,0,1,2
100465809,130000,2024-05-28,7,1,2,0,0,0,1,2
98772582,150000,2024-05-13,2,2,3,1,1,1,4,4
98773488,180000,2024-05-13,2,1,1,0,0,0,1,2
102357878,120000,2024-06-20,6,1,2,0,0,0,1,2
102358114,80000,2024-06-20,2,2,1,0,0,0,1,2
100112178,120000,2024-05-25,6,1,3,0,0,0,1,2
100116601,70000,2024-05-25,4,1,1,0,0,0,1,2
101898532,100000,2024-06-14,5,1,1,0,0,0,1,8
99160686,70000,2024-05-16,1,1,1,0,0,0,1,2
101081983,100000,2024-06-03,2,1,1,0,0,0,1,2
101083392,60000,2024-06-03,2,1,1,0,0,0,1,2
98456940,50000,2024-05-06,2,1,1,0,0,0,1,2
101408122,80000,2024-06-06,9,1,1,0,0,0,1,2
101289602,69000,2024-06-05,1,1,3,0,0,0,1,2
101161461,90000,2024-06-04,2,2,2,0,0,0,1,2
99712920,60000,2024-05-21,6,1,1,0,0,0,1,2
102166345,53500,2024-06-18,2,1,3,0,0,0,1,2
99559582,300000,2024-05-20,2,2,1,0,0,0,1,8
97230564,90000,2024-04-17,7,1,1,0,0,0,1,8
101710829,100000,2024-06-11,4,1,3,0,0,0,1,2
102068823,100000,2024-06-17,2,1,2,1,0,0,4,2
101477435,50000,2024-06-07,6,1,1,0,0,0,1,2
97830579,40000,2024-04-24,4,2,1,1,0,0,1,2
102435045,80000,2024-06-21,1,2,3,0,0,0,2,4
102359355,137931,2024-06-20,8,1,1,0,0,0,1,2
102360655,120000,2024-06-20,6,1,4,0,0,0,1,2
102356645,99500,2024-06-20,6,1,1,0,0,0,1,2
99306281,55000,2024-05-17,8,1,1,0,0,0,1,2
96518518,100000,2024-04-09,5,1,1,0,0,0,1,2
96806732,150000,2024-04-12,6,1,2,0,0,0,4,2
96809727,50000,2024-04-12,10,1,1,0,0,0,1,2
98589061,60000,2024-05-08,8,1,1,0,0,0,1,2
101088837,30000,2024-06-03,9,2,3,0,0,0,1,2
100611214,76000,2024-05-29,3,1,1,0,0,0,1,2
101479950,100000,2024-06-07,2,1,2,0,0,0,1,2
96690924,100000,2024-04-11,5,1,1,0,0,0,1,2
96690926,100000,2024-04-11,5,1,1,0,0,0,1,2
96690925,100000,2024-04-11,5,1,1,0,0,0,1,2
97688505,80000,2024-04-23,3,1,1,0,0,0,1,2
97691033,75000,2024-04-23,9,1,1,0,0,0,1,2
101090245,40000,2024-06-03,9,1,3,0,0,0,1,2
98778303,120000,2024-05-13,2,2,1,0,0,0,1,2
97093358,100000,2024-04-16,2,1,3,0,0,0,1,2
97095062,32000,2024-04-16,2,1,3,0,0,0,1,2
98320678,115000,2024-05-03,1,1,3,0,0,0,1,2
98320679,115000,2024-05-03,10,1,3,0,0,0,1,2
102080821,80000,2024-06-17,8,1,1,0,0,0,1,2
96382463,150000,2024-04-08,2,2,1,0,1,0,1,4
97830945,100000,2024-04-24,3,1,2,0,0,0,1,2
97830944,100000,2024-04-24,3,1,2,0,0,0,1,2
101095219,70000,2024-06-03,1,1,1,0,0,0,1,2
100617979,50000,2024-05-29,9,1,1,0,0,0,1,2
98464730,100000,2024-05-06,2,2,1,0,0,0,1,2
98321577,100000,2024-05-03,2,1,3,0,0,0,1,2
102436260,80000,2024-06-21,6,2,1,0,0,0,1,2
102436259,80000,2024-06-21,2,2,1,0,0,0,1,2
96699513,130000,2024-04-11,3,1,2,1,0,0,1,2
96523774,260000,2024-04-09,5,2,4,0,0,0,1,2
96523773,260000,2024-04-09,2,2,4,0,0,0,1,2
101836580,90000,2024-06-13,6,1,1,0,0,0,1,2
98227669,45000,2024-05-02,3,1,1,0,0,0,1,2
100158483,150000,2024-05-25,2,1,4,0,0,0,1,2
98779670,69600,2024-05-13,3,1,1,0,0,0,1,2
98470220,91000,2024-05-06,2,2,1,0,0,0,1,2
101101310,60000,2024-06-03,5,2,1,0,0,0,1,2
98326489,140000,2024-05-03,4,1,1,0,0,0,1,2
102589537,65000,2024-06-24,9,1,3,0,0,0,1,2
102381734,50000,2024-06-21,6,2,1,0,0,0,1,2
101488099,75000,2024-06-07,6,1,1,0,0,0,1,2
100472120,60000,2024-05-28,3,1,1,0,0,0,1,2
98599422,50000,2024-05-08,3,1,1,0,0,0,1,2
101589492,70000,2024-06-10,6,1,1,0,0,0,1,2
99564564,25000,2024-05-20,1,1,3,0,0,0,1,2
99567885,145000,2024-05-20,2,1,2,0,0,0,1,2
98917547,100000,2024-05-14,2,1,1,0,0,0,1,2
97455661,140000,2024-04-19,2,2,2,0,0,0,1,2
101105831,100000,2024-06-03,6,3,1,0,0,0,1,2
99948759,70000,2024-05-23,10,1,1,0,0,0,1,2
99949118,80000,2024-05-23,2,1,1,0,0,0,1,2
100623690,50000,2024-05-29,8,1,2,0,0,0,1,2
97237089,30000,2024-04-17,4,1,1,0,0,0,1,2
102094477,600000,2024-06-17,9,2,2,0,0,0,1,2
100476446,90000,2024-05-28,9,1,1,0,0,0,1,2
101300755,90000,2024-06-05,5,1,2,0,0,0,1,2
99322604,40000,2024-05-18,10,2,1,0,0,0,1,2
102242062,60000,2024-06-19,8,2,1,0,0,0,1,2
101725833,105000,2024-06-11,2,1,1,0,0,0,1,2
102441076,75000,2024-06-21,9,1,1,0,0,0,1,2
102174714,70000,2024-06-18,3,1,1,0,0,0,1,2
102095330,90000,2024-06-17,8,1,1,0,0,0,1,2
97099910,100000,2024-04-16,2,1,2,0,0,0,1,2
96812702,300000,2024-04-12,2,2,2,0,0,0,1,4
96813523,120000,2024-04-12,2,2,3,0,0,0,1,8
96814408,50000,2024-04-12,6,2,1,0,0,0,1,2
96816289,85000,2024-04-12,6,1,3,0,0,0,1,2
101490755,165000,2024-06-07,2,1,2,0,0,0,1,2
101843463,50000,2024-06-13,9,1,3,0,0,0,1,2
98333321,120000,2024-05-03,7,1,1,0,0,0,1,2
97700002,80000,2024-04-23,2,2,3,0,0,0,2,4
99327317,70000,2024-05-18,2,2,1,0,0,0,1,2
97253355,70000,2024-04-18,9,2,1,0,0,0,1,2
97253354,70000,2024-04-18,4,2,1,0,0,0,1,2
97253898,50000,2024-04-18,6,2,1,0,0,0,1,2
97253899,50000,2024-04-18,8,2,1,0,0,0,1,2
97254042,250000,2024-04-18,2,2,1,0,1,0,1,8
101727845,100000,2024-06-11,2,1,1,0,0,0,1,2
101729170,100000,2024-06-11,3,2,1,1,0,0,1,2
101730347,85000,2024-06-11,5,1,3,0,0,0,1,2
101919586,160000,2024-06-14,3,1,1,0,0,0,1,2
101919588,160000,2024-06-14,3,1,1,0,0,0,1,2
101919585,160000,2024-06-14,1,1,1,0,0,0,1,2
101919589,160000,2024-06-14,3,1,1,0,0,0,1,2
99218370,80000,2024-05-17,7,1,1,0,0,0,1,2
102444547,60000,2024-06-21,4,1,1,0,0,0,1,2
99719245,90000,2024-05-21,6,1,1,0,0,0,1,2
101327422,70000,2024-06-05,3,1,1,0,0,0,1,2
97469199,150000,2024-04-20,8,1,2,0,0,0,1,2
96387212,250000,2024-04-08,6,1,1,0,0,0,1,2
102100687,100000,2024-06-17,6,1,1,0,0,0,1,2
102100973,60000,2024-06-17,2,2,1,0,0,0,1,2
100484825,30000,2024-05-28,3,2,3,0,0,0,1,2
96529584,50000,2024-04-09,3,1,2,0,0,0,3,2
96530190,1233759,2024-04-09,2,1,3,0,0,0,1,2
101621074,71500,2024-06-10,8,1,1,0,0,0,1,2
100219177,150000,2024-05-26,2,2,1,0,0,0,1,2
100219180,150000,2024-05-26,4,2,1,0,0,0,1,2
100219183,150000,2024-05-26,1,2,1,0,0,0,1,2
100230488,120000,2024-05-26,2,1,1,0,0,0,1,2
100237736,50000,2024-05-27,4,1,1,0,0,0,1,2
98476601,50000,2024-05-06,8,3,2,0,0,0,3,2
98478265,300000,2024-05-06,2,1,2,0,0,0,1,8
101846239,80000,2024-06-13,6,2,3,0,0,0,2,4
98238807,60000,2024-05-02,8,1,1,0,0,0,1,2
98238806,60000,2024-05-02,8,1,1,0,0,0,1,2
97105689,120000,2024-04-16,2,1,1,0,0,0,1,2
99229432,70000,2024-05-17,5,2,1,0,0,0,1,2
99031861,70000,2024-05-15,8,1,3,0,0,0,1,2
96393285,50000,2024-04-08,3,1,1,0,0,0,1,2
99953932,80000,2024-05-23,6,1,1,0,0,0,1,2
97886226,120000,2024-04-25,2,1,1,0,0,0,1,2
97703595,85000,2024-04-23,6,1,1,0,0,0,1,2
97706977,50000,2024-04-23,2,1,1,0,0,0,1,2
96817452,50000,2024-04-12,4,1,3,0,0,0,1,2
96532699,85000,2024-04-09,2,1,1,0,0,0,1,2
100605083,80000,2024-05-30,5,1,1,0,0,0,1,2
100488320,51000,2024-05-28,4,2,1,0,0,0,1,8
98341687,60000,2024-05-03,9,1,1,0,0,0,1,2
101502359,70000,2024-06-07,2,1,2,0,0,0,1,2
101504121,50000,2024-06-07,2,2,1,1,0,0,1,2
99394556,80000,2024-05-18,3,2,3,0,0,0,2,4
99397730,80000,2024-05-18,2,2,1,0,0,0,1,2
99397731,80000,2024-05-18,9,2,1,0,0,0,1,2
101232107,100000,2024-06-04,2,1,2,0,0,0,1,2
101332518,69000,2024-06-05,2,1,3,0,0,0,1,2
102205914,120000,2024-06-18,2,2,1,0,0,0,1,2
98793064,100000,2024-05-13,4,3,4,0,0,0,1,2
98794058,120000,2024-05-13,1,1,1,0,0,0,1,4
102104514,80000,2024-06-17,2,1,2,0,0,0,1,2
101634656,120000,2024-06-10,2,1,1,0,0,0,1,2
102452040,150000,2024-06-22,2,2,2,0,0,0,1,2
101921282,120000,2024-06-14,7,1,2,0,0,0,1,2
101922206,120000,2024-06-14,7,1,2,0,0,0,1,2
101922875,120000,2024-06-14,7,1,2,0,0,0,1,2
96825904,90000,2024-04-12,6,1,1,0,0,0,1,2
102597755,75000,2024-06-24,9,1,1,0,0,0,1,2
99250269,100000,2024-05-17,5,1,2,0,0,0,1,2
96722526,65000,2024-04-11,6,1,1,0,0,0,1,2
96725400,60000,2024-04-11,4,2,1,0,0,0,1,2
98609274,100000,2024-05-08,5,1,1,0,0,0,1,8
99603217,35000,2024-05-20,2,1,1,0,0,0,3,8
100308144,146000,2024-05-27,2,1,1,0,0,0,1,2
101863624,100000,2024-06-13,8,1,1,0,0,0,1,2
98245851,150000,2024-05-02,2,1,1,1,0,0,4,2
99721126,80000,2024-05-21,3,2,1,0,0,0,1,2
99721128,80000,2024-05-21,4,2,1,0,0,0,1,2
99721129,80000,2024-05-21,2,2,1,0,0,0,1,2
99721640,80000,2024-05-21,2,2,1,0,0,0,1,8
97715233,50000,2024-04-23,6,1,1,0,0,0,1,2
102600067,80000,2024-06-24,2,1,1,0,0,0,1,2
101336714,100000,2024-06-05,2,1,1,0,0,0,1,2
101640727,250000,2024-06-10,7,1,2,0,0,0,1,2
101640726,250000,2024-06-10,7,1,2,0,0,0,1,2
98347179,80000,2024-05-03,8,2,3,0,0,0,2,4
101865341,80000,2024-06-13,6,1,1,0,0,0,1,2
97905104,90000,2024-04-25,9,2,1,0,0,0,1,2
99473827,70000,2024-05-19,9,3,1,0,0,0,1,2
99484027,69000,2024-05-20,2,1,1,0,0,0,1,2
97591051,70000,2024-04-22,6,1,1,0,0,0,1,2
102453958,110000,2024-06-22,2,1,1,0,0,0,1,2
102455523,300000,2024-06-22,3,1,1,0,0,0,1,4
102455540,300000,2024-06-22,6,1,1,0,0,0,1,4
102455539,300000,2024-06-22,9,1,1,0,0,0,1,4
102455541,300000,2024-06-22,5,1,1,0,0,0,1,4
102455542,300000,2024-06-22,3,1,1,0,0,0,1,4
102455527,300000,2024-06-22,8,1,1,0,0,0,1,4
102455528,300000,2024-06-22,3,1,1,0,0,0,1,4
102455525,300000,2024-06-22,2,1,1,0,0,0,1,4
102455530,300000,2024-06-22,4,1,1,0,0,0,1,4
102455534,300000,2024-06-22,10,1,1,0,0,0,1,4
102455524,300000,2024-06-22,1,1,1,0,0,0,1,4
102455778,120000,2024-06-22,8,2,1,0,0,0,1,8
98248416,80000,2024-05-02,3,2,3,0,0,0,2,4
98249737,70000,2024-05-02,1,1,1,0,0,0,1,2
101337736,71000,2024-06-05,6,1,1,0,1,0,1,8
102111633,60000,2024-06-17,2,1,1,0,0,0,1,2
97716176,50000,2024-04-23,6,1,3,0,0,0,1,2
97718202,120000,2024-04-23,7,1,1,0,0,0,1,2
96400431,30000,2024-04-08,4,2,1,0,0,0,1,2
96401754,80000,2024-04-08,4,1,1,0,0,0,1,2
98796748,140000,2024-05-13,2,1,2,0,0,0,1,8
99959136,60000,2024-05-23,9,2,1,0,0,0,4,2
99960049,60000,2024-05-23,3,1,3,0,0,0,1,2
97921532,200000,2024-04-25,4,1,2,0,0,0,1,2
101644811,100000,2024-06-10,8,1,1,0,0,0,1,2
99270543,80000,2024-05-17,3,3,1,0,0,0,1,2
99270956,70000,2024-05-17,2,1,1,0,0,0,1,2
100503725,80000,2024-05-28,9,1,1,0,0,0,1,2
100506176,70000,2024-05-28,6,2,3,0,1,0,1,2
100506205,65000,2024-05-28,2,1,3,0,0,0,1,2
102525948,80000,2024-06-24,5,3,2,0,0,0,1,2
99610403,50000,2024-05-21,10,1,3,0,0,0,1,4
101513695,100000,2024-06-07,2,1,3,0,0,0,1,2
101340906,80000,2024-06-05,1,2,3,0,0,0,2,4
96732060,70000,2024-04-11,10,1,3,0,0,0,1,2
100319211,60000,2024-05-27,2,3,1,0,0,0,1,4
100323173,250000,2024-05-27,7,1,2,0,0,0,1,2
96841877,80000,2024-04-13,9,2,1,0,0,0,1,2
98621614,30000,2024-05-08,9,2,3,0,0,0,4,4
98621609,30000,2024-05-08,2,2,3,0,0,0,4,4
98621610,30000,2024-05-08,10,2,3,0,0,0,4,4
98621613,30000,2024-05-08,4,2,3,0,0,0,4,4
98621617,30000,2024-05-08,1,2,3,0,0,0,4,4
98621616,30000,2024-05-08,8,2,3,0,0,0,4,4
99038973,44000,2024-05-15,7,4,3,0,0,0,1,8
99038975,44000,2024-05-15,7,4,3,0,0,0,1,8
99038974,44000,2024-05-15,7,4,3,0,0,0,1,8
97303360,50000,2024-04-18,1,1,1,0,0,0,1,2
97121342,150000,2024-04-16,2,2,1,0,0,0,3,2
97596965,80000,2024-04-22,2,1,2,0,0,0,1,2
97597699,80000,2024-04-22,2,2,1,0,0,0,1,2
98354944,80000,2024-05-03,8,1,1,0,0,0,1,2
102264595,100000,2024-06-19,7,1,1,0,0,0,1,2
102264765,80000,2024-06-19,2,2,3,0,0,0,2,4
97124549,130000,2024-04-16,9,1,1,0,0,0,1,2
99040746,90000,2024-05-15,2,1,1,0,0,0,1,2
99040900,60000,2024-05-15,2,1,1,0,0,0,1,2
99967688,130000,2024-05-23,7,1,1,0,0,0,1,2
99967686,130000,2024-05-23,7,1,1,0,0,0,1,2
99967689,130000,2024-05-23,7,1,1,0,0,0,1,2
99967684,130000,2024-05-23,7,1,1,0,0,0,1,2
99967685,130000,2024-05-23,7,1,1,0,0,0,1,2
99967690,130000,2024-05-23,7,1,1,0,0,0,1,2
99967687,130000,2024-05-23,7,1,1,0,0,0,1,2
99967691,130000,2024-05-23,7,1,1,0,0,0,1,2
99967683,130000,2024-05-23,7,1,1,0,0,0,1,2
102547921,40000,2024-06-24,5,1,1,0,0,0,1,2
102549873,70000,2024-06-24,6,2,1,0,1,0,1,2
99526689,100000,2024-05-20,6,1,2,0,0,0,1,2
96589086,68000,2024-04-10,6,1,3,0,0,0,1,2
96590234,100000,2024-04-10,2,1,3,0,0,0,1,2
96590347,90000,2024-04-10,5,1,2,0,0,0,1,2
97727483,200000,2024-04-23,2,2,1,0,0,0,4,2
97728132,80000,2024-04-23,6,1,2,0,0,0,1,2
98256839,110000,2024-05-02,2,2,1,1,0,0,4,2
98488895,65000,2024-05-07,3,1,3,0,0,0,1,2
97600153,100000,2024-04-22,2,1,3,0,0,0,1,2
97601778,30000,2024-04-22,9,2,3,0,0,0,1,2
102608366,400000,2024-06-24,5,2,2,0,0,0,1,8
99613272,137931,2024-05-21,8,1,1,0,0,0,1,2
99614112,60900,2024-05-21,3,1,1,0,0,0,1,2
99618326,80000,2024-05-21,2,2,1,0,0,0,1,8
100329138,75000,2024-05-27,2,2,1,1,1,0,1,2
100330444,70000,2024-05-27,3,1,1,0,0,0,1,2
100706022,60000,2024-05-30,7,1,1,0,0,0,1,2
100706370,150000,2024-05-30,1,2,1,0,0,0,1,2
97930754,80000,2024-04-26,2,1,1,0,0,0,1,2
97934354,60000,2024-04-26,1,3,2,0,0,0,1,2
96877577,140000,2024-04-13,2,1,2,0,0,0,1,8
101248063,40000,2024-06-04,6,1,3,0,0,0,1,2
96736575,100000,2024-04-11,2,1,2,0,0,0,1,2
100522687,100000,2024-05-29,2,1,1,0,0,0,1,2
100525079,80000,2024-05-29,2,1,1,0,0,0,1,2
101514927,100000,2024-06-07,2,2,1,0,0,0,1,2
101517117,80000,2024-06-07,8,1,1,0,0,0,1,8
101518046,200000,2024-06-07,7,3,2,0,0,0,1,2
97605875,100000,2024-04-22,4,1,1,0,0,0,1,2
97605876,100000,2024-04-22,4,1,1,0,0,0,1,2
99620443,90000,2024-05-21,4,1,1,0,0,0,1,2
99620442,90000,2024-05-21,8,1,1,0,0,0,1,2
101930759,100000,2024-06-14,7,1,1,0,0,0,1,2
98805596,85000,2024-05-13,6,1,3,0,0,0,1,2
99534535,120000,2024-05-20,5,1,1,0,0,0,1,2
98364817,120000,2024-05-04,2,1,1,0,0,0,1,2
98258598,50000,2024-05-02,2,1,1,0,0,0,1,2
98258656,65000,2024-05-02,6,1,1,0,0,0,1,2
97310387,75000,2024-04-18,9,1,1,0,0,0,1,2
102551376,125000,2024-06-24,2,3,2,0,0,0,1,2
102266967,120000,2024-06-19,2,1,1,0,0,0,1,2
102267387,100000,2024-06-19,4,1,1,0,0,0,1,2
98626234,120000,2024-05-08,9,1,1,0,0,0,1,2
97134298,30000,2024-04-16,3,1,3,0,0,0,1,2
97134333,80000,2024-04-16,10,1,1,0,0,0,1,2
97134746,54500,2024-04-16,2,1,3,0,0,0,2,4
97135349,55000,2024-04-16,9,1,1,0,0,0,1,2
99970307,120000,2024-05-23,6,3,1,0,0,0,1,8
99971415,80000,2024-05-23,2,1,1,0,0,0,1,2
99972273,100000,2024-05-23,8,1,2,0,0,0,1,2
99972455,120000,2024-05-23,7,1,1,0,0,0,1,8
99973832,110000,2024-05-23,4,1,2,0,0,0,1,2
99735634,80000,2024-05-21,2,1,1,0,0,0,1,2
99740071,80000,2024-05-22,2,1,1,0,0,0,1,2
99742497,100000,2024-05-22,4,2,1,0,0,0,1,2
98956684,160000,2024-05-15,3,1,1,0,0,0,1,2
98956685,160000,2024-05-15,1,1,1,0,0,0,1,2
98956683,160000,2024-05-15,3,1,1,0,0,0,1,2
100567369,150000,2024-05-29,2,1,1,0,0,0,1,2
101932672,80000,2024-06-14,8,2,3,0,0,0,2,4
101932879,80000,2024-06-14,4,2,3,0,0,0,2,4
98261705,80000,2024-05-02,2,1,1,0,0,0,1,2
98971851,300000,2024-05-15,2,1,2,0,0,0,1,8
97136645,80700,2024-04-16,2,1,2,0,0,0,1,2
97137251,40000,2024-04-16,9,2,1,0,0,0,1,2
102612727,80000,2024-06-24,5,2,3,0,0,0,2,4
102612728,80000,2024-06-24,9,2,3,0,0,0,2,4
102614980,170000,2024-06-25,4,1,2,0,0,0,1,2
97942304,65000,2024-04-26,9,1,3,0,0,0,1,2
98266650,61000,2024-05-03,4,2,1,0,0,0,1,2
100330943,90000,2024-05-27,2,1,1,0,0,0,1,8
101249717,70000,2024-06-04,3,1,1,0,0,0,1,2
101250163,1233759,2024-06-04,2,1,3,0,0,0,1,2
101252097,20000,2024-06-04,2,2,3,0,0,0,1,2
99045622,55000,2024-05-15,10,1,1,0,0,0,1,2
99050431,80000,2024-05-15,1,2,3,0,0,0,2,4
98812049,60000,2024-05-13,2,1,1,0,0,0,1,2
100713571,120000,2024-05-30,5,1,3,0,0,0,1,2
96431037,55000,2024-04-08,10,1,3,0,0,0,1,2
98626763,150000,2024-05-08,2,1,1,0,0,0,1,2
98271470,80000,2024-05-03,4,1,2,0,0,0,1,2
100574276,110000,2024-05-29,5,3,1,0,0,0,1,2
100574436,120000,2024-05-29,5,1,1,1,0,0,1,2
98389969,100000,2024-05-04,6,1,2,0,0,0,1,2
100339303,75000,2024-05-27,4,1,1,0,0,0,1,2
102271609,54000,2024-06-19,1,1,1,0,0,0,1,2
101938413,90000,2024-06-14,2,1,3,0,0,0,1,8
96433584,76000,2024-04-08,6,1,1,0,0,0,1,2
102617440,100000,2024-06-25,2,2,1,1,0,0,1,2
102617687,40000,2024-06-25,2,1,3,0,0,0,2,8
102618760,200000,2024-06-25,7,1,2,0,0,0,1,2
102619113,92500,2024-06-25,2,1,1,0,0,0,1,2
102620281,69000,2024-06-25,2,1,3,0,0,0,1,2
96634838,100000,2024-04-10,2,2,3,0,1,0,1,2
96928199,210000,2024-04-14,2,1,1,0,0,0,1,4
96932932,40000,2024-04-14,2,2,2,0,0,0,3,2
96938420,200000,2024-04-15,7,1,2,0,0,0,1,2
96938417,200000,2024-04-15,7,1,2,0,0,0,1,2
96938418,200000,2024-04-15,7,1,2,0,0,0,1,2
96938415,200000,2024-04-15,7,1,2,0,0,0,1,2
96938416,200000,2024-04-15,7,1,2,0,0,0,1,2
96938419,200000,2024-04-15,7,1,2,0,0,0,1,2
96938594,300000,2024-04-15,7,1,2,0,0,0,1,2
96938596,300000,2024-04-15,7,1,2,0,0,0,1,2
96938599,300000,2024-04-15,7,1,2,0,0,0,1,2
96938598,300000,2024-04-15,7,1,2,0,0,0,1,2
96938595,300000,2024-04-15,7,1,2,0,0,0,1,2
96938597,300000,2024-04-15,7,1,2,0,0,0,1,2
101255712,90000,2024-06-04,9,1,2,0,0,0,1,2
97145605,50000,2024-04-17,8,2,3,0,0,0,1,2
97739660,110000,2024-04-23,4,1,2,0,0,0,1,2
97621842,100000,2024-04-22,4,1,1,0,0,0,1,2
97625206,80000,2024-04-22,3,1,1,0,0,0,1,2
97626180,58000,2024-04-22,6,1,1,0,0,0,1,2
97626708,70000,2024-04-22,4,1,1,0,0,0,1,2
99666574,30000,2024-05-21,4,1,1,0,0,0,1,2
98413817,71000,2024-05-06,6,1,1,0,1,0,1,8
96639715,80000,2024-04-10,2,1,1,0,0,0,1,2
99669161,120000,2024-05-21,6,1,4,0,0,0,1,2
99669160,120000,2024-05-21,6,1,4,0,0,0,1,2
99055761,40000,2024-05-15,4,1,1,0,0,0,1,2
96787106,55000,2024-04-12,2,1,1,0,0,0,1,2
96788123,60000,2024-04-12,2,2,1,0,0,0,1,2
97320401,145000,2024-04-18,2,1,2,0,0,0,1,2
101942309,50000,2024-06-14,4,2,1,0,0,0,1,2
102278664,20000,2024-06-19,4,3,3,0,0,0,1,2
98677276,120000,2024-05-10,3,1,2,0,0,0,1,2
102623885,80000,2024-06-25,4,1,1,0,0,0,1,2
100724682,60000,2024-05-30,8,1,1,0,0,0,1,2
96958508,100000,2024-04-15,6,2,2,0,0,0,1,2
99982501,120000,2024-05-24,1,1,1,0,0,0,1,2
99988547,40000,2024-05-24,9,1,3,0,0,0,1,2
99989662,170000,2024-05-24,2,2,2,0,0,0,1,2
98523992,80000,2024-05-07,8,1,1,0,0,0,1,2
96446067,70000,2024-04-08,2,1,1,0,0,0,1,2
98426310,80000,2024-05-06,6,1,1,0,0,0,1,2
98426312,80000,2024-05-06,2,1,1,0,0,0,1,2
98426311,80000,2024-05-06,5,1,1,0,0,0,1,2
100588315,54000,2024-05-29,10,1,1,0,0,0,3,2
100590397,85000,2024-05-29,2,1,1,0,0,0,1,2
97966180,74700,2024-04-26,8,1,1,0,0,0,1,2
100035142,75000,2024-05-24,3,1,1,0,0,0,1,2
99687300,90000,2024-05-21,2,1,1,0,0,0,1,2
98538777,90000,2024-05-07,4,2,1,0,0,0,1,2
99817241,43000,2024-05-22,1,1,3,0,0,0,1,2
100732366,30000,2024-05-30,8,2,3,0,0,0,1,2
97296161,60000,2024-04-24,6,1,3,0,0,0,1,8
101951886,100000,2024-06-14,4,1,2,0,0,0,1,2
101952318,70000,2024-06-14,2,1,4,0,0,0,3,2
102643117,120000,2024-06-25,2,2,1,0,0,0,1,2
102643118,120000,2024-06-25,4,2,1,0,0,0,1,2
99065507,60000,2024-05-15,3,1,3,0,0,0,1,8
97743781,146000,2024-04-24,2,1,1,0,0,0,1,2
97744099,75000,2024-04-24,9,1,1,0,0,0,1,2
99072675,55000,2024-05-16,8,1,1,0,0,0,1,8
99073494,100000,2024-05-16,4,2,1,0,0,0,1,2
97335053,80000,2024-04-18,7,1,2,0,0,0,1,2
97180210,60900,2024-04-17,3,1,1,0,0,0,1,2
102285649,200000,2024-06-19,1,1,2,0,0,0,1,2
102285654,72000,2024-06-19,1,1,1,0,0,0,1,2
98545581,120000,2024-05-07,6,1,1,0,0,0,1,2
100041258,100000,2024-05-24,10,1,1,0,0,0,1,2
100043602,100000,2024-05-24,7,1,1,0,0,0,1,2
100353717,90000,2024-05-27,2,1,1,0,0,0,1,2
100357156,85000,2024-05-27,5,1,1,0,0,0,1,2
96449255,120000,2024-04-09,9,1,2,0,0,0,1,2
99080619,150000,2024-05-16,8,2,1,0,0,0,1,8
100746502,70000,2024-05-31,2,1,2,0,0,0,1,2
100360109,150000,2024-05-27,4,2,1,0,0,0,1,2
102288094,20000,2024-06-19,9,2,1,0,0,0,3,2
102661710,70000,2024-06-25,9,1,1,0,0,0,1,2
96452931,80000,2024-04-09,2,2,1,0,0,0,1,2
98547753,210000,2024-05-07,5,1,2,0,0,0,1,8
96979319,130000,2024-04-15,2,1,1,0,0,0,1,2
100755058,80000,2024-05-31,4,1,1,0,0,0,1,2
101954361,80459,2024-06-14,8,1,1,0,0,0,1,2
101954679,60000,2024-06-14,3,1,1,0,0,0,1,2
101955052,75000,2024-06-14,3,1,1,0,0,0,1,2
97980059,90000,2024-04-26,2,1,1,0,0,0,1,2
97983379,70000,2024-04-26,2,2,1,1,1,0,1,2
97341366,100000,2024-04-18,2,1,3,0,0,0,1,2
96490314,100000,2024-04-09,2,2,2,0,0,0,1,2
100795193,96000,2024-05-31,6,1,1,0,0,0,1,2
97198453,80000,2024-04-17,2,2,1,0,0,0,1,2
97200510,80000,2024-04-17,2,2,1,0,0,0,1,2
97347123,80000,2024-04-18,3,2,1,0,0,0,1,2
97786044,90000,2024-04-24,8,2,3,0,0,0,1,2
99117706,110000,2024-05-16,4,2,1,0,0,0,1,2
99117705,110000,2024-05-16,2,2,1,0,0,0,1,2
99120372,170000,2024-05-16,8,1,2,0,0,0,1,2
99120371,170000,2024-05-16,4,1,2,0,0,0,1,2
102665187,50000,2024-06-25,9,2,1,1,0,0,1,8
100379684,35000,2024-05-27,9,1,1,0,0,0,1,2
101961732,150000,2024-06-15,4,1,1,0,0,0,1,2
99841271,50000,2024-05-22,6,1,3,0,0,0,1,4
99843013,200000,2024-05-22,9,2,1,0,0,0,1,2
97989802,80000,2024-04-26,7,1,3,0,0,0,1,2
97990300,80000,2024-04-26,7,1,1,0,0,0,1,2
100061852,35000,2024-05-24,2,1,3,0,0,0,1,2
96987116,100000,2024-04-15,2,1,3,0,0,0,1,2
97351418,40000,2024-04-19,6,2,3,1,0,0,1,2
97357600,55000,2024-04-19,2,1,1,0,0,0,1,2
102671476,60000,2024-06-25,5,1,1,0,0,0,1,2
101614650,55000,2024-06-15,5,1,1,0,0,0,1,2
100808698,100000,2024-05-31,6,2,2,0,0,0,1,2
100389368,80000,2024-05-27,4,1,1,0,0,0,1,2
100392588,200000,2024-05-27,4,1,1,0,0,0,1,2
102678107,100000,2024-06-25,2,1,1,0,0,0,1,2
99844158,60000,2024-05-22,4,1,1,0,0,0,1,2
99846119,60000,2024-05-22,9,1,1,0,0,0,1,2
99846480,50000,2024-05-22,8,1,3,0,0,0,1,2
99847340,40000,2024-05-22,2,2,1,1,0,0,1,2
97364858,90000,2024-04-19,2,1,1,0,0,0,1,2
97997797,75000,2024-04-26,2,2,2,0,0,0,1,2
100067928,45000,2024-05-24,3,1,3,0,0,0,1,8
100074308,70000,2024-05-24,3,1,1,0,0,0,1,2
99127262,70000,2024-05-16,4,2,1,0,0,0,1,2
97010077,55000,2024-04-15,6,1,1,0,0,0,1,2
102684692,110000,2024-06-25,3,1,2,0,0,0,1,2
102686644,80000,2024-06-25,3,2,3,0,0,0,2,4
97796968,60500,2024-04-24,7,1,1,0,1,0,1,8
97802648,80000,2024-04-24,4,2,1,0,0,0,1,2
100833445,80000,2024-05-31,3,2,3,0,0,0,2,4
100396742,240000,2024-05-28,6,1,1,0,0,0,1,8
100396741,240000,2024-05-28,2,1,1,0,0,0,1,8
99867386,180000,2024-05-23,2,2,1,0,0,0,1,4
98001996,130000,2024-04-26,3,1,1,0,0,0,1,8
97018905,80000,2024-04-15,4,1,1,0,0,0,1,2
97019183,120000,2024-04-15,1,1,1,0,0,0,1,2
102694943,150000,2024-06-25,8,2,1,0,0,0,1,8
100838498,32000,2024-05-31,2,1,3,0,0,0,1,2
100841120,120000,2024-05-31,7,1,1,0,0,0,1,2
99888923,50000,2024-05-23,2,3,3,0,0,0,3,2
100405018,84540,2024-05-28,7,1,1,0,0,0,1,8
100410797,80000,2024-05-28,2,1,1,0,0,0,1,2
102701364,43630,2024-06-25,1,1,1,0,0,0,1,8
102701365,43630,2024-06-25,3,1,1,0,0,0,1,8
100082507,10000,2024-05-24,2,1,1,0,0,0,1,2
100083132,80000,2024-05-24,2,1,1,0,0,0,1,2
100084532,200000,2024-05-24,7,1,2,0,0,0,1,2
99908258,65000,2024-05-23,6,1,1,0,0,0,1,2
102706288,100000,2024-06-25,8,1,1,0,0,0,1,2
102706287,100000,2024-06-25,4,1,1,0,0,0,1,2
102710032,100000,2024-06-26,3,1,3,0,0,0,1,8
98038227,85000,2024-04-27,6,2,2,0,0,0,1,2
98044068,56500,2024-04-27,3,1,3,0,0,0,1,2
102719268,120000,2024-06-26,2,2,2,0,0,0,1,8
102722400,110000,2024-06-26,2,1,1,0,0,0,1,2
98068923,68000,2024-04-27,6,1,1,0,0,0,1,2
98071988,300000,2024-04-27,1,1,1,0,0,0,1,2
98091357,90000,2024-04-28,2,2,1,0,0,0,1,2
98130206,150000,2024-04-29,4,2,1,0,0,0,1,2
98135044,200000,2024-04-29,6,1,3,0,0,0,1,2
98155246,80000,2024-04-30,1,2,3,0,0,0,2,4
97205082,600000,2024-04-17,11,2,2,0,0,0,1,4
97206138,200000,2024-04-17,11,3,1,0,0,0,1,6
98167186,250000,2024-05-01,11,1,3,0,0,0,1,3
98167452,120000,2024-05-01,11,1,1,0,0,0,1,5
100446663,300000,2024-05-28,11,1,2,0,0,0,1,3
99000829,300000,2024-05-15,11,1,4,0,0,0,1,6
101261237,100000,2024-06-04,11,1,1,0,0,0,1,3
101872103,80000,2024-06-13,11,1,1,0,0,0,1,7
101875654,130000,2024-06-13,11,1,3,0,0,0,1,5
97024239,250000,2024-04-15,11,1,1,0,0,0,1,6
97026994,350000,2024-04-15,11,1,2,0,0,0,1,6
97027832,100000,2024-04-15,11,2,1,1,0,0,1,3
101431539,320000,2024-06-06,11,1,2,0,0,0,1,6
101432208,250000,2024-06-06,11,2,2,0,0,0,1,7
101655650,220000,2024-06-10,11,2,2,0,0,0,1,6
101656995,350000,2024-06-10,11,3,2,0,0,0,1,6
101658229,250000,2024-06-10,11,2,1,0,0,0,1,6
101658454,250000,2024-06-10,11,1,2,0,0,0,1,6
98181442,150000,2024-05-01,11,2,1,0,0,0,1,5
98182156,1000000,2024-05-01,11,1,2,0,0,0,1,5
98182857,250000,2024-05-01,11,1,4,0,0,0,1,7
97929655,130000,2024-05-02,11,1,2,0,0,0,1,6
101348847,200000,2024-06-05,11,1,2,0,0,0,1,7
97406210,330000,2024-04-19,11,2,2,0,0,0,1,6
97406786,180000,2024-04-19,11,1,2,0,0,0,1,7
101262924,210000,2024-06-04,11,1,2,0,0,0,1,5
101264600,180000,2024-06-04,11,1,1,0,0,0,1,5
101754641,190000,2024-06-11,11,1,1,0,0,0,1,3
101755145,180000,2024-06-11,11,2,1,0,0,0,1,4
101755196,150000,2024-06-11,11,2,1,0,0,0,1,5
101756119,230000,2024-06-12,11,1,2,0,0,0,1,3
101757182,220000,2024-06-12,11,2,1,0,0,0,1,6
96349095,60000,2024-04-07,11,2,3,0,0,0,2,6
96358410,120000,2024-04-08,11,2,3,0,0,0,1,6
96358447,150000,2024-04-08,11,2,3,0,0,0,1,5
102408117,200000,2024-06-21,11,1,1,0,0,0,1,7
100843885,100000,2024-06-01,11,1,1,0,0,0,2,5
100845201,250000,2024-06-01,11,1,2,0,0,0,1,7
100846211,300000,2024-06-01,11,1,2,0,0,0,1,6
100847673,130000,2024-06-01,11,1,1,0,0,0,1,3
100850598,100000,2024-06-01,11,1,1,0,0,0,1,5
100852074,200000,2024-06-01,11,2,2,0,0,0,1,6
98299588,300000,2024-05-03,11,2,1,0,0,0,1,7
98301112,160000,2024-05-03,11,1,2,0,0,0,1,5
102557409,65900,2024-06-24,11,1,2,0,0,0,1,5
102558146,450000,2024-06-24,11,2,4,1,0,0,1,6
102558701,60000,2024-06-24,11,1,3,0,0,0,2,5
102303387,320000,2024-06-20,11,2,2,0,0,0,1,6
102303708,230000,2024-06-20,11,2,1,0,0,0,1,3
102305249,200000,2024-06-20,11,2,1,0,0,0,1,6
102312240,250000,2024-06-20,11,2,1,1,0,0,1,3
101661420,380000,2024-06-11,11,1,2,0,0,0,1,3
101662697,259653,2024-06-11,11,1,2,0,0,0,1,5
98826773,20000,2024-05-14,11,3,3,0,0,0,2,7
98827463,350000,2024-05-14,11,2,2,0,0,0,1,6
98828820,160000,2024-05-14,11,1,2,0,0,0,1,5
98829717,180000,2024-05-14,11,1,2,0,0,0,1,6
98829861,120000,2024-05-14,11,1,3,0,0,0,1,7
99288292,150000,2024-05-17,11,2,1,0,0,0,1,6
99288817,53000,2024-05-17,11,1,3,0,0,0,1,5
96030398,750000,2024-04-09,11,1,3,0,0,0,1,5
96030437,750000,2024-04-09,11,1,3,0,0,0,1,5
101122141,150000,2024-06-03,11,1,2,0,0,0,1,5
101518404,300000,2024-06-07,11,1,2,0,0,0,1,4
96661585,150000,2024-04-11,11,1,2,0,0,0,1,5
101999380,300000,2024-06-16,11,1,2,0,0,0,1,7
97211561,450000,2024-04-17,11,1,2,0,0,0,1,6
97211839,80000,2024-04-17,11,1,1,0,0,0,1,7
99538742,765000,2024-05-20,11,1,3,0,0,0,1,4
99539978,350000,2024-05-20,11,1,2,0,0,0,1,5
99541497,127000,2024-05-20,11,1,1,1,0,0,1,6
101349939,100000,2024-06-05,11,2,1,0,0,0,1,3
101350695,170000,2024-06-05,11,1,1,0,0,0,1,6
101433658,260000,2024-06-06,11,2,1,0,0,0,1,7
101433749,140000,2024-06-06,11,1,2,0,0,0,1,5
101435024,500000,2024-06-06,11,1,2,0,0,0,1,4
98196144,300000,2024-05-02,11,1,2,0,0,0,1,6
98698642,92800,2024-05-11,11,3,3,0,0,0,1,5
101265161,450000,2024-06-04,11,2,2,0,0,0,1,6
100592095,250000,2024-05-29,11,1,2,0,0,0,1,6
100592639,200000,2024-05-29,11,1,2,0,0,0,1,6
100594020,150000,2024-05-29,11,2,1,0,0,0,1,6
100594277,280000,2024-05-29,11,1,2,0,0,0,1,6
100594517,260000,2024-05-29,11,2,2,0,0,0,1,3
102114940,110000,2024-06-17,11,2,1,0,0,0,1,7
102116588,110000,2024-06-17,11,1,1,0,0,0,1,5
100892567,115000,2024-06-01,11,3,3,0,0,0,1,5
100892571,115000,2024-06-01,11,3,3,0,0,0,1,5
100892579,115000,2024-06-01,11,3,3,0,0,0,1,5
100099256,200000,2024-05-25,11,1,1,0,0,0,1,5
100099729,120000,2024-05-25,11,2,1,0,0,0,1,7
100100000,250000,2024-05-25,11,2,2,0,0,0,1,6
97408488,100000,2024-04-19,11,3,1,0,0,0,1,3
97409865,150000,2024-04-19,11,1,1,0,0,0,1,7
97804541,320000,2024-04-24,11,2,2,0,0,0,1,6
97805141,120000,2024-04-24,11,1,1,0,0,0,1,4
97806089,100000,2024-04-24,11,1,1,0,0,0,1,7
97807279,180000,2024-04-24,11,2,1,1,1,0,1,3
97804851,100000,2024-04-24,11,1,1,0,0,0,1,7
97808498,250000,2024-04-24,11,1,2,0,0,0,1,6
100902013,250000,2024-06-01,11,2,2,0,0,0,1,7
100902380,30000,2024-06-01,11,2,3,0,0,0,1,7
101758395,220000,2024-06-12,11,1,1,0,0,0,1,6
101759439,200000,2024-06-12,11,1,1,1,0,0,1,3
101759519,250000,2024-06-12,11,2,1,0,0,0,1,6
101759943,200000,2024-06-12,11,3,1,0,0,0,1,4
101766661,250000,2024-06-12,11,2,1,0,0,0,1,4
97022021,80000,2024-04-15,11,1,2,0,0,0,1,5
97030145,60000,2024-04-15,11,1,3,0,0,0,1,5
97032100,120000,2024-04-15,11,1,1,0,0,0,1,7
97034089,170000,2024-04-15,11,1,2,0,0,0,1,5
102559686,60000,2024-06-24,11,1,3,0,0,0,2,5
96375978,175000,2024-04-08,11,1,2,0,0,0,1,5
96376984,170000,2024-04-08,11,2,1,0,0,0,1,6
96378356,130000,2024-04-08,11,1,1,0,0,0,1,6
102011408,160000,2024-06-16,11,1,2,0,0,0,1,6
98833704,80000,2024-05-14,11,1,3,0,0,0,1,7
98835692,175000,2024-05-14,11,1,1,0,0,0,1,5
102411630,174600,2024-06-21,11,1,2,0,0,0,1,5
102411714,300000,2024-06-21,11,1,2,0,0,0,1,3
99289584,200000,2024-05-17,11,2,2,0,0,0,1,6
97633713,115000,2024-04-22,11,3,3,0,0,0,1,5
99696707,170000,2024-05-21,11,1,4,0,0,0,1,5
99698262,50000,2024-05-21,11,1,3,0,0,0,1,7
99698269,120000,2024-05-21,11,2,1,0,0,0,1,6
99698669,130000,2024-05-21,11,1,1,0,0,0,1,5
101877064,115000,2024-06-14,11,1,3,0,0,0,1,5
101879584,140000,2024-06-14,11,2,3,0,0,0,1,3
96680907,150000,2024-04-11,11,1,1,0,0,0,1,3
101354947,150000,2024-06-05,11,2,1,0,0,0,1,5
98717205,200000,2024-05-12,11,1,2,0,0,0,1,7
96500590,140000,2024-04-09,11,1,1,0,0,0,1,6
96501367,270000,2024-04-09,11,1,2,0,0,0,1,5
96503378,102000,2024-04-09,11,1,1,0,0,0,1,5
101126016,300000,2024-06-03,11,2,2,0,0,0,1,6
101128474,269000,2024-06-03,11,1,2,0,0,0,1,6
98303368,170000,2024-05-03,11,1,1,0,0,0,1,7
98305174,100000,2024-05-03,11,1,1,0,0,0,1,3
98307461,185000,2024-05-03,11,1,2,0,0,0,1,6
98553605,210000,2024-05-07,11,1,2,0,0,0,1,3
98554345,250000,2024-05-07,11,1,2,0,0,0,1,7
98555198,200000,2024-05-07,11,1,1,0,0,0,1,7
98556076,260000,2024-05-07,11,1,2,0,1,0,1,7
98556872,300000,2024-05-07,11,2,2,0,0,0,1,6
98557353,110000,2024-05-07,11,2,3,0,0,0,1,5
100600760,170000,2024-05-29,11,1,2,0,0,0,1,5
100600996,250000,2024-05-29,11,1,2,0,0,0,1,6
99148578,300000,2024-05-16,11,1,2,0,0,0,1,7
99149758,150000,2024-05-16,11,1,1,0,0,0,1,7
99150274,180000,2024-05-16,11,2,3,0,0,0,1,5
101438793,117972,2024-06-06,11,1,2,0,0,0,1,5
102209826,100000,2024-06-18,11,2,1,0,0,0,1,7
102210513,323100,2024-06-18,11,1,2,0,0,0,1,3
102211883,200000,2024-06-18,11,1,2,0,0,0,1,5
102211904,141900,2024-06-18,11,1,1,0,0,0,1,5
97215473,170000,2024-04-17,11,1,1,0,0,0,1,5
101663083,250000,2024-06-11,11,1,2,0,0,0,1,7
100456652,115000,2024-05-28,11,3,3,0,0,0,1,5
100456820,230000,2024-05-28,11,2,2,0,0,0,1,7
100456891,230000,2024-05-28,11,2,2,0,0,0,1,7
100458380,300000,2024-05-28,11,1,2,0,0,0,1,6
99543110,150000,2024-05-20,11,1,1,0,0,0,1,6
99544834,120000,2024-05-20,11,2,1,0,0,0,1,7
99545378,130000,2024-05-20,11,1,1,0,0,0,1,3
99545679,100000,2024-05-20,11,1,1,0,0,0,1,3
102117456,280000,2024-06-17,11,1,2,0,0,0,1,7
102117898,220000,2024-06-17,11,2,2,0,0,0,1,7
101956660,250000,2024-06-17,11,1,2,0,0,0,1,7
102119712,200000,2024-06-17,11,1,2,0,0,0,1,3
102024969,300000,2024-06-16,11,2,1,0,0,0,1,3
99917179,115000,2024-05-23,11,2,1,0,0,0,1,5
101523276,130000,2024-06-08,11,1,1,0,0,0,1,3
101525404,250000,2024-06-08,11,1,1,0,0,0,1,7
101525809,80000,2024-06-08,11,1,1,0,0,0,1,3
101526707,80000,2024-06-08,11,1,1,0,0,0,1,7
98839539,50000,2024-05-14,11,1,3,0,0,0,2,3
98839904,218400,2024-05-14,11,1,1,0,0,0,1,3
98204790,60000,2024-05-02,11,1,3,0,0,0,1,3
102324581,129600,2024-06-20,11,3,3,0,0,0,1,5
97809154,250000,2024-04-24,11,1,1,0,0,0,1,5
97813227,330000,2024-04-24,11,2,2,0,0,0,1,7
102413316,100000,2024-06-21,11,1,4,0,0,0,4,7
100966209,70000,2024-06-02,11,1,1,0,0,0,1,5
101785473,225000,2024-06-12,11,1,2,0,0,0,1,5
99298864,141900,2024-05-17,11,1,1,0,0,0,1,5
98559909,200000,2024-05-07,11,1,1,0,0,0,1,7
98561050,63600,2024-05-07,11,1,3,0,0,0,2,6
101443987,100000,2024-06-06,11,1,1,0,0,0,1,7
102328086,80000,2024-06-20,11,2,3,0,0,0,2,6
98444608,200000,2024-05-06,11,1,2,0,0,0,1,5
98444785,290000,2024-05-06,11,2,2,0,1,0,1,6
98446797,156800,2024-05-06,11,1,2,0,0,0,1,5
98447325,350000,2024-05-06,11,1,2,0,0,0,1,7
101356639,160000,2024-06-05,11,1,1,0,0,0,1,6
101358586,230000,2024-06-05,11,2,2,0,1,0,1,7
96507833,240000,2024-04-09,11,1,1,0,0,0,1,5
99706990,67000,2024-05-21,11,3,3,0,0,0,2,5
99706999,150000,2024-05-21,11,1,4,0,0,0,1,5
99707023,67000,2024-05-21,11,3,3,0,0,0,2,7
101130220,150000,2024-06-03,11,1,1,0,0,0,1,3
101130289,286555,2024-06-03,11,1,1,0,0,0,1,5
101131509,60000,2024-06-03,11,2,2,0,0,0,1,3
101133244,300000,2024-06-03,11,1,2,0,0,0,1,4
100601617,150000,2024-05-29,11,1,1,0,0,0,1,7
100603227,173000,2024-05-29,11,1,2,0,0,0,1,5
100603792,280000,2024-05-29,11,1,2,0,0,0,1,6
100603848,200000,2024-05-29,11,1,2,0,0,0,1,7
100605714,250000,2024-05-29,11,1,1,0,0,0,1,5
100606720,225000,2024-05-29,11,1,4,0,0,0,1,5
99151176,150000,2024-05-16,11,2,1,1,0,0,1,6
99154029,92800,2024-05-16,11,3,3,0,0,0,1,5
101530411,100000,2024-06-08,11,1,3,0,0,0,1,5
100938125,250000,2024-06-08,11,1,3,0,0,0,1,5
100938406,500000,2024-06-08,11,1,3,0,0,0,1,7
101542307,217100,2024-06-08,11,1,1,0,0,0,1,5
101542326,217100,2024-06-08,11,1,1,0,0,0,1,5
101542476,100000,2024-06-08,11,1,3,0,0,0,1,5
101544849,100000,2024-06-08,11,1,1,0,0,0,1,5
101519504,250000,2024-06-08,11,1,2,0,0,0,1,5
102046932,210000,2024-06-17,11,1,1,0,0,0,1,7
99006481,120000,2024-05-15,11,1,1,0,0,0,1,6
99006570,200000,2024-05-15,11,1,1,0,0,0,1,6
99007917,150000,2024-05-15,11,2,2,0,0,0,1,6
102416352,150000,2024-06-21,11,1,2,0,0,0,1,5
102418619,100000,2024-06-21,11,1,3,0,0,0,1,5
102418732,130000,2024-06-21,11,1,1,0,0,0,1,3
97036109,150000,2024-04-15,11,1,2,0,0,0,1,6
97036414,150000,2024-04-15,11,1,1,0,0,0,1,3
97036530,290000,2024-04-15,11,1,1,0,0,0,1,4
97037181,100000,2024-04-16,11,2,1,1,0,0,1,6
97038002,350000,2024-04-16,11,1,2,0,0,0,1,4
97038175,100000,2024-04-16,11,1,1,0,0,0,1,5
97038283,260000,2024-04-16,11,1,1,0,0,0,1,6
97039004,200000,2024-04-16,11,1,2,0,0,0,4,5
97814180,80000,2024-04-24,11,1,1,0,0,0,1,5
97816250,50000,2024-04-24,11,1,3,0,0,0,1,5
97817165,300000,2024-04-24,11,2,2,0,0,0,1,4
102564463,140000,2024-06-24,11,2,1,0,1,0,1,7
100104726,350000,2024-05-25,11,1,3,0,0,0,1,5
99438578,100000,2024-05-25,11,1,3,0,0,0,1,5
100129200,125000,2024-05-25,11,1,4,0,0,0,1,7
101669648,142000,2024-06-11,11,1,3,0,0,0,1,5
101272633,300000,2024-06-04,11,1,2,0,0,0,1,6
97637856,250000,2024-04-22,11,2,2,0,0,0,1,4
97640636,80000,2024-04-22,11,1,3,0,0,0,1,7
97641183,150000,2024-04-22,11,1,2,0,0,0,1,5
99923528,250000,2024-05-23,11,1,1,0,0,0,1,3
99924119,250000,2024-05-23,11,2,2,0,0,0,1,6
99925761,100000,2024-05-23,11,2,1,0,0,0,3,4
99925785,60000,2024-05-23,11,2,3,0,0,0,1,4
99926214,80000,2024-05-23,11,1,1,0,0,0,1,5
101880790,200000,2024-06-14,11,1,2,0,0,0,1,5
101881258,300000,2024-06-14,11,2,2,0,0,0,1,7
101881674,265000,2024-06-14,11,2,2,0,0,0,1,6
101881792,350000,2024-06-14,11,2,2,0,0,0,1,6
101884988,70000,2024-06-14,11,2,1,0,0,0,1,7
101885905,200000,2024-06-14,11,1,2,0,0,0,1,3
101888814,200000,2024-06-14,11,1,1,0,0,0,1,5
101889239,320000,2024-06-14,11,1,2,0,0,0,1,4
99550164,250000,2024-05-20,11,1,2,0,0,0,1,5
99550827,200000,2024-05-20,11,2,1,0,0,0,1,6
99551068,180000,2024-05-20,11,2,1,0,0,0,1,7
99552344,200000,2024-05-20,11,2,2,0,0,0,1,6
99553265,600000,2024-05-20,11,2,2,1,0,0,1,4
102330697,157000,2024-06-20,11,1,1,0,0,0,1,5
102332146,200000,2024-06-20,11,1,1,0,0,0,1,6
97416103,250000,2024-04-19,11,1,1,0,0,0,1,6
97416733,185000,2024-04-19,11,1,1,0,0,0,1,3
101444891,50000,2024-06-06,11,1,3,0,0,0,1,3
101446060,150000,2024-06-06,11,1,1,0,0,0,1,7
101446791,230000,2024-06-07,11,2,2,0,0,0,1,6
101438536,550000,2024-06-12,11,3,3,0,0,0,1,5
98562207,55000,2024-05-07,11,1,3,0,0,0,1,4
98562827,300000,2024-05-08,11,2,1,0,0,0,1,6
98563110,250000,2024-05-08,11,1,2,0,0,0,1,6
98565337,75000,2024-05-08,11,1,3,0,0,0,1,5
98565527,80000,2024-05-08,11,1,1,0,0,0,1,3
99300110,170000,2024-05-17,11,1,1,0,0,0,1,7
99302097,25000,2024-05-17,11,2,3,0,1,0,2,7
101360916,100000,2024-06-05,11,1,3,0,0,0,1,3
101361992,180000,2024-06-05,11,1,1,0,0,0,1,7
102120742,250000,2024-06-17,11,1,1,0,0,0,1,7
102120840,300000,2024-06-17,11,1,2,0,0,0,1,5
102121795,298000,2024-06-17,11,1,1,0,0,0,1,3
102122024,450000,2024-06-17,11,2,2,0,0,0,1,4
102122047,100000,2024-06-17,11,2,1,0,0,0,1,6
102122761,90000,2024-06-17,11,1,2,0,0,0,1,5
102123372,260000,2024-06-18,11,1,2,0,0,0,1,6
102123440,200000,2024-06-18,11,2,1,0,0,0,1,3
98850709,70000,2024-05-14,11,2,1,0,0,0,1,7
98855146,450000,2024-05-14,11,2,2,0,0,0,1,4
98451708,106000,2024-05-06,11,3,1,0,0,0,1,7
96698543,250000,2024-04-11,11,2,2,0,0,0,1,6
99711767,250000,2024-05-21,11,1,1,0,0,0,1,6
96511077,120000,2024-04-09,11,1,1,0,0,0,1,6
96511585,120000,2024-04-09,11,1,1,0,0,0,1,6
96512859,35000,2024-04-09,11,3,3,0,0,0,2,7
96513018,360000,2024-04-09,11,2,4,0,0,0,1,6
96514300,100000,2024-04-09,11,2,1,0,0,0,1,6
97219805,200000,2024-04-17,11,1,1,0,0,0,1,6
97222667,500000,2024-04-17,11,1,1,0,0,0,4,7
102215951,210000,2024-06-19,11,1,2,0,0,0,1,5
102217664,350000,2024-06-19,11,2,2,0,0,0,1,3
102218160,80000,2024-06-19,11,1,3,0,0,0,1,7
98207091,150000,2024-05-02,11,1,1,0,0,0,1,3
101548148,350000,2024-06-08,11,2,1,0,0,0,1,7
101549996,280000,2024-06-08,11,1,2,0,0,0,1,6
101550249,280000,2024-06-08,11,1,2,1,0,0,1,6
96797602,400000,2024-04-12,11,2,2,0,0,0,1,6
96802290,150000,2024-04-12,11,1,4,0,0,0,1,5
102050964,200000,2024-06-17,11,2,4,0,0,0,1,6
98312340,220000,2024-05-03,11,2,2,0,0,0,1,6
98312474,250000,2024-05-03,11,2,2,0,0,0,1,6
98315160,150000,2024-05-03,11,1,2,0,0,0,1,5
100608276,300000,2024-05-29,11,2,1,1,0,0,1,6
100609177,230000,2024-05-29,11,1,1,0,0,0,1,6
100611352,200000,2024-05-29,11,1,1,0,0,0,1,5
99010721,200000,2024-05-15,11,1,1,0,0,0,1,6
99011882,50000,2024-05-15,11,1,3,0,0,0,1,5
96384957,20000,2024-04-08,11,3,3,0,0,0,2,7
96385777,120000,2024-04-08,11,2,1,0,0,0,1,7
96387752,250000,2024-04-08,11,1,1,0,0,0,1,6
102420019,240000,2024-06-21,11,1,1,0,0,0,1,6
102421522,350000,2024-06-21,11,2,2,0,0,0,1,6
102566971,350000,2024-06-24,11,2,2,0,0,0,1,6
102568202,227950,2024-06-24,11,1,1,0,0,0,1,5
101673322,300000,2024-06-11,11,2,1,0,0,0,1,6
101675699,170000,2024-06-11,11,1,1,0,0,0,1,7
99156220,100000,2024-05-16,11,1,1,0,0,0,1,6
99156818,80000,2024-05-16,11,2,3,0,0,0,2,6
99157123,138000,2024-05-16,11,1,3,0,0,0,1,5
99160626,160000,2024-05-16,11,1,1,0,0,0,1,7
97041429,500000,2024-04-16,11,2,2,0,0,0,1,3
97042840,200000,2024-04-16,11,1,2,0,0,0,1,5
97042883,370000,2024-04-16,11,2,2,0,0,0,1,6
97044355,20000,2024-04-16,11,2,2,0,0,0,1,4
97044788,100000,2024-04-16,11,2,1,0,0,0,1,3
100145659,195500,2024-05-25,11,1,1,0,0,0,1,5
100145834,195500,2024-05-25,11,1,1,0,0,0,1,5
97821558,105000,2024-04-24,11,1,1,0,0,0,1,5
101275048,140000,2024-06-04,11,1,1,0,0,0,1,7
101903763,270000,2024-06-14,11,2,2,0,0,0,1,6
101904934,136000,2024-06-14,11,1,1,0,0,0,1,5
97643835,174000,2024-04-22,11,2,1,0,0,0,1,6
97645232,40000,2024-04-22,11,3,3,0,0,0,2,5
97645487,300000,2024-04-23,11,2,4,1,0,0,1,6
99930112,250000,2024-05-23,11,1,2,0,0,0,1,6
99930206,300000,2024-05-23,11,2,2,0,0,0,1,6
99932578,300000,2024-05-23,11,2,2,0,0,0,1,6
99555186,100000,2024-05-20,11,2,1,0,0,0,1,6
99555248,200000,2024-05-20,11,1,2,0,0,0,1,5
99555701,450000,2024-05-20,11,1,2,0,0,0,1,3
101795956,100000,2024-06-13,11,1,1,0,0,0,1,7
97420163,400000,2024-04-19,11,1,2,0,0,0,1,6
97422852,190000,2024-04-19,11,2,1,0,0,0,1,6
98748711,120000,2024-05-13,11,1,3,0,0,0,1,5
98750928,200000,2024-05-13,11,2,1,0,0,0,1,6
101447588,150000,2024-06-07,11,2,1,0,0,0,1,6
101447597,130000,2024-06-07,11,1,1,0,1,0,1,3
101447887,1000000,2024-06-07,11,1,4,0,0,0,1,5
101448501,200000,2024-06-07,11,1,1,0,0,0,1,3
101448667,250000,2024-06-07,11,2,2,0,0,0,1,6
101449830,60000,2024-06-07,11,1,1,0,1,0,2,5
101451801,115000,2024-06-07,11,1,1,0,0,0,1,5
101452031,240000,2024-06-07,11,2,2,1,0,0,1,7
102332903,150000,2024-06-20,11,1,3,0,0,0,1,6
102333782,180000,2024-06-20,11,1,1,0,0,0,1,3
98858064,60000,2024-05-14,11,1,3,0,0,0,1,6
99305366,280000,2024-05-17,11,2,1,0,1,0,1,6
99307291,300000,2024-05-17,11,2,2,0,0,0,1,6
100469212,110000,2024-05-28,11,2,1,0,0,0,1,3
101363145,100000,2024-06-06,11,1,1,0,0,0,1,3
101365136,140000,2024-06-06,11,1,2,0,0,0,1,5
102126241,300000,2024-06-18,11,1,4,0,0,0,1,6
102126312,340000,2024-06-18,11,1,2,0,0,0,1,6
102127674,220000,2024-06-18,11,2,2,0,0,0,1,6
98452199,250000,2024-05-06,11,2,2,0,0,0,1,6
98454163,250000,2024-05-06,11,1,1,0,0,0,1,7
98454940,240000,2024-05-06,11,2,1,0,0,0,1,6
98455907,350000,2024-05-06,11,1,2,0,0,0,1,6
96700997,80000,2024-04-11,11,2,1,0,0,0,1,4
101142406,405000,2024-06-03,11,1,4,0,0,0,1,4
96804662,150000,2024-04-12,11,1,2,0,0,0,1,6
96809148,80000,2024-04-12,11,2,3,0,0,0,2,6
98211896,80000,2024-05-02,11,1,3,0,0,0,1,6
98213285,90000,2024-05-02,11,2,1,0,0,0,1,7
102055082,260000,2024-06-17,11,1,2,0,0,0,1,7
101295851,500000,2024-06-11,11,1,3,0,0,0,1,7
98320196,225000,2024-05-03,11,1,1,0,0,0,1,5
100173118,200000,2024-05-26,11,1,4,0,0,0,1,7
101051238,200000,2024-06-03,11,1,1,0,0,0,1,6
102571237,250000,2024-06-24,11,2,2,0,0,0,1,7
101584922,150000,2024-06-10,11,2,2,0,0,0,1,7
101584926,290000,2024-06-10,11,2,2,0,1,0,1,6
101588085,90000,2024-06-10,11,1,3,0,0,0,1,6
101588370,120000,2024-06-10,11,2,1,0,0,0,1,7
101588652,300000,2024-06-10,11,2,2,0,0,0,1,4
100613057,500000,2024-05-29,11,2,3,0,0,0,3,5
100613097,120000,2024-05-29,11,1,2,0,0,0,1,5
100616798,178642,2024-05-29,11,1,1,0,0,0,1,5
96391701,135000,2024-04-08,11,1,1,0,0,0,1,5
96391842,100000,2024-04-08,11,2,1,0,0,0,1,6
96392548,200000,2024-04-08,11,1,2,0,0,0,1,6
96392598,170000,2024-04-08,11,2,2,0,0,0,1,7
101905292,286555,2024-06-14,11,1,1,0,0,0,1,5
101906034,200000,2024-06-14,11,2,1,0,0,0,1,6
101906495,178642,2024-06-14,11,1,1,0,0,0,1,5
99161595,200000,2024-05-16,11,1,4,0,0,0,1,3
99163734,400000,2024-05-16,11,2,2,0,0,0,1,6
99165024,120000,2024-05-16,11,1,1,0,0,0,1,5
99165187,200000,2024-05-16,11,1,1,0,0,0,1,5
99165448,150000,2024-05-16,11,1,1,0,0,0,1,3
98752139,150000,2024-05-13,11,2,2,0,0,0,4,3
97648363,120000,2024-04-23,11,1,1,0,0,0,1,7
97648789,162600,2024-04-23,11,1,2,0,0,0,1,5
97649727,130600,2024-04-23,11,1,2,0,0,0,1,5
97651426,100000,2024-04-23,11,3,1,0,0,0,1,7
99560946,120000,2024-05-20,11,1,1,0,0,0,1,4
99561794,100000,2024-05-20,11,1,1,0,0,0,1,7
99563153,210000,2024-05-20,11,1,1,0,0,0,1,3
102335942,25000,2024-06-20,11,2,3,0,1,0,2,7
102336872,300000,2024-06-20,11,1,4,0,0,0,1,7
101278849,160000,2024-06-04,11,1,2,0,0,0,1,7
101281014,170000,2024-06-05,11,2,1,0,0,0,1,6
101281049,200000,2024-06-05,11,1,1,0,0,0,1,7
98883259,250000,2024-05-14,11,1,1,0,0,0,1,7
101453147,90000,2024-06-07,11,1,3,0,0,0,2,7
101453460,200000,2024-06-07,11,1,2,0,0,0,1,5
101454470,100000,2024-06-07,11,2,3,0,0,0,3,3
101454513,120000,2024-06-07,11,2,1,0,0,0,1,3
101457176,60000,2024-06-07,11,1,3,0,0,0,2,5
101457831,65000,2024-06-07,11,1,2,0,0,0,3,5
97825534,250000,2024-04-24,11,1,2,0,0,0,1,6
97826211,280000,2024-04-24,11,1,2,0,0,0,1,5
97826239,350000,2024-04-24,11,2,2,0,0,0,1,6
97829746,120000,2024-04-24,11,2,1,0,0,0,1,6
97830125,200000,2024-04-24,11,1,2,0,0,0,1,6
97427802,400000,2024-04-19,11,2,2,0,0,0,1,6
97428722,150000,2024-04-19,11,2,2,0,0,0,1,3
102133917,300000,2024-06-18,11,3,1,0,0,0,1,5
102135387,180000,2024-06-18,11,3,1,0,0,0,1,7
102136076,190000,2024-06-18,11,1,1,0,0,0,1,7
102136296,200000,2024-06-18,11,2,1,0,0,0,1,6
101765592,180000,2024-06-18,11,1,3,0,0,0,1,3
98456706,230000,2024-05-06,11,1,1,0,0,0,1,7
98457126,100000,2024-05-06,11,2,2,0,0,0,1,3
98457471,170000,2024-05-06,11,1,1,0,0,0,1,5
98459789,350000,2024-05-06,11,2,2,0,1,0,1,3
101144210,200000,2024-06-03,11,1,1,0,0,0,1,6
101144844,280000,2024-06-03,11,1,2,0,0,0,1,7
101370931,350000,2024-06-06,11,1,2,0,0,0,1,6
101370954,290000,2024-06-06,11,2,2,0,0,0,1,4
96705105,200000,2024-04-11,11,1,2,0,0,0,1,3
96705798,120000,2024-04-11,11,1,1,0,0,0,1,6
96707409,200000,2024-04-11,11,2,1,0,0,0,1,5
96707633,250000,2024-04-11,11,1,2,0,0,0,1,3
100471922,190000,2024-05-28,11,1,1,0,0,0,1,6
100475667,56000,2024-05-28,11,2,3,0,0,0,1,3
99313799,150000,2024-05-18,11,3,1,0,0,0,1,7
102234764,370000,2024-06-19,11,1,2,0,0,0,1,6
102055706,150000,2024-06-17,11,1,2,0,0,0,1,7
96811481,160000,2024-04-12,11,1,1,0,0,0,1,5
96811540,75680,2024-04-12,11,1,1,0,0,0,1,5
96815097,150000,2024-04-12,11,1,1,0,0,0,1,3
96816519,100000,2024-04-12,11,2,2,0,0,0,1,7
97231327,120000,2024-04-17,11,1,1,0,0,0,1,3
97231962,280000,2024-04-17,11,2,1,0,1,0,1,3
97234372,25000,2024-04-17,11,2,3,0,1,0,2,7
98217107,150000,2024-05-02,11,2,2,0,0,0,1,7
99721075,350000,2024-05-21,11,2,2,0,0,0,1,6
99725330,70000,2024-05-21,11,2,3,0,1,0,1,6
99725681,350000,2024-05-21,11,2,2,0,0,0,1,6
102572866,150000,2024-06-24,11,2,1,0,0,0,1,6
98322038,320000,2024-05-03,11,2,2,0,0,0,1,7
98324336,250000,2024-05-03,11,1,2,0,0,0,1,6
100220192,200000,2024-05-26,11,2,1,0,0,0,1,5
100223137,390000,2024-05-26,11,1,2,0,0,0,1,5
102425233,248482,2024-06-21,11,1,2,0,0,0,1,5
102425412,30000,2024-06-21,11,1,3,0,1,0,1,6
102425872,150000,2024-06-21,11,1,2,0,0,0,1,5
102427614,180000,2024-06-21,11,1,3,0,0,0,1,7
100621692,190000,2024-05-29,11,1,2,0,0,0,1,6
100622479,150000,2024-05-29,11,2,1,0,0,0,1,7
96397899,100000,2024-04-08,11,1,1,1,0,0,1,3
99021561,110000,2024-05-15,11,2,1,0,0,0,1,7
99022078,250000,2024-05-15,11,2,1,1,0,0,1,6
96521977,100000,2024-04-09,11,1,1,0,0,0,1,5
96526094,230000,2024-04-09,11,2,2,0,0,0,1,3
96526329,50000,2024-04-09,11,1,3,0,0,0,1,5
101908895,60000,2024-06-14,11,1,3,0,0,0,1,7
101910381,300000,2024-06-14,11,1,2,0,0,0,1,6
101910855,200000,2024-06-14,11,1,2,0,0,0,1,6
101911296,80000,2024-06-14,11,1,1,0,0,0,1,5
98756564,200000,2024-05-13,11,1,2,0,0,0,1,5
101466774,350000,2024-06-07,11,2,2,0,0,0,1,6
101374618,300000,2024-06-06,11,3,1,0,0,0,1,5
97657166,220000,2024-04-23,11,2,2,0,0,0,1,7
97661603,200000,2024-04-23,11,2,2,0,0,0,1,7
97661902,200000,2024-04-23,11,2,2,0,0,0,1,7
97676757,230000,2024-04-23,11,1,1,0,0,0,1,6
99169051,330000,2024-05-16,11,2,2,0,0,0,1,6
99169158,80000,2024-05-16,11,1,3,0,0,0,1,4
99171287,250000,2024-05-16,11,1,2,0,0,0,1,5
102140240,350000,2024-06-18,11,2,1,1,0,0,1,4
99564571,260000,2024-05-20,11,1,1,0,0,0,1,6
99564807,150000,2024-05-20,11,1,2,0,0,0,1,5
99566533,350000,2024-05-20,11,1,2,0,0,0,1,6
99566897,250000,2024-05-20,11,1,2,0,0,0,1,6
99567966,300000,2024-05-20,11,2,2,0,0,0,1,6
101282288,150000,2024-06-05,11,1,1,0,0,0,1,3
101283728,100000,2024-06-05,11,1,1,0,0,0,1,5
98885010,102000,2024-05-14,11,1,1,0,0,0,1,5
99939501,1000000,2024-05-23,11,2,2,0,0,0,1,4
102340248,150000,2024-06-20,11,1,2,0,0,0,1,6
97431675,230000,2024-04-19,11,1,2,0,0,0,1,6
97433364,60000,2024-04-19,11,2,1,1,0,0,1,6
97434616,115000,2024-04-19,11,1,1,0,0,0,1,5
97437222,180000,2024-04-19,11,2,1,0,0,0,1,7
99316651,310000,2024-05-18,11,2,1,0,0,0,1,6
97832273,150000,2024-04-24,11,1,1,0,0,0,1,6
97837532,150000,2024-04-25,11,1,2,0,0,0,1,3
98463204,155000,2024-05-06,11,1,1,0,0,0,1,5
98464832,150000,2024-05-06,11,1,2,0,0,0,1,3
100476039,250000,2024-05-28,11,1,2,0,0,0,1,7
100478764,130000,2024-05-28,11,1,2,0,0,0,1,5
100479493,150000,2024-05-28,11,1,2,0,0,0,1,5
102238419,330000,2024-06-19,11,1,2,0,0,0,1,6
102239774,410000,2024-06-19,11,1,3,0,0,0,1,6
101150628,120000,2024-06-03,11,1,1,0,0,0,1,7
101150876,250000,2024-06-03,11,1,1,0,0,0,1,4
101153565,100000,2024-06-03,11,2,1,0,0,0,1,6
101154724,150000,2024-06-03,11,3,1,0,0,0,1,5
101154930,70000,2024-06-03,11,2,1,0,0,0,1,5
97084296,300000,2024-04-16,11,1,2,0,0,0,1,3
102059885,200000,2024-06-17,11,1,2,0,0,0,1,3
100255246,110000,2024-05-27,11,1,3,0,0,0,1,5
96817314,350000,2024-04-12,11,2,2,0,0,0,1,6
96820215,80000,2024-04-12,11,2,1,0,0,0,1,7
96820323,900000,2024-04-12,11,3,2,0,0,0,1,5
96821889,200000,2024-04-12,11,2,1,0,0,0,1,6
96822664,350000,2024-04-12,11,2,2,0,0,0,1,4
96713582,130000,2024-04-11,11,1,1,0,0,0,1,6
101063278,120000,2024-06-03,11,1,2,0,0,0,1,5
101063369,250000,2024-06-03,11,1,1,0,0,0,1,6
101602053,100000,2024-06-10,11,3,2,0,0,0,2,5
101604518,174600,2024-06-10,11,1,2,0,0,0,1,5
102575411,350000,2024-06-24,11,1,2,0,0,0,1,6
102431398,90000,2024-06-21,11,1,1,0,0,0,1,6
96398779,150000,2024-04-08,11,1,1,0,0,0,1,7
96402892,150000,2024-04-08,11,2,2,0,0,0,1,6
97238642,280000,2024-04-17,11,1,1,0,1,0,1,7
97238653,180000,2024-04-17,11,1,1,0,0,0,1,5
98220241,60000,2024-05-02,11,1,3,0,0,0,1,7
96532047,115000,2024-04-09,11,3,3,0,0,0,1,5
101470646,28000,2024-06-07,11,3,3,0,0,0,2,7
100625762,550000,2024-05-29,11,3,4,0,0,0,1,5
100526855,60000,2024-05-29,11,1,3,0,0,0,2,5
100527543,60000,2024-05-29,11,1,3,0,0,0,2,5
99730443,100000,2024-05-21,11,1,1,0,0,0,1,3
99731809,250000,2024-05-21,11,2,2,0,0,0,1,7
99734951,200000,2024-05-21,11,1,1,0,0,0,1,7
98326672,170000,2024-05-03,11,1,2,0,0,0,1,7
98327687,300000,2024-05-03,11,1,2,0,0,0,1,7
98328382,280000,2024-05-03,11,2,2,0,0,0,1,6
101911818,180000,2024-06-14,11,1,1,0,0,0,1,6
101913625,130000,2024-06-14,11,1,1,0,0,0,1,3
101913949,200000,2024-06-14,11,1,3,0,0,0,1,5
97438390,200000,2024-04-19,11,1,1,0,0,0,1,3
99322577,218000,2024-05-18,11,1,1,0,0,0,1,7
97688799,160000,2024-04-23,11,2,2,0,0,0,1,6
97689657,260000,2024-04-23,11,2,1,0,0,0,1,6
99027020,120000,2024-05-15,11,1,1,0,0,0,1,7
99028628,150000,2024-05-15,11,1,1,0,0,0,1,5
99028858,350000,2024-05-15,11,1,2,0,0,0,1,3
102342919,170000,2024-06-20,11,2,2,0,0,0,1,6
102343714,150000,2024-06-20,11,1,1,0,0,0,1,5
98761891,195500,2024-05-13,11,1,1,0,0,0,1,5
102241557,150000,2024-06-19,11,1,2,0,0,0,1,7
102242059,150000,2024-06-19,11,1,2,0,0,0,1,7
99569622,120000,2024-05-20,11,1,1,0,0,0,1,7
99175183,130000,2024-05-17,11,1,1,0,0,0,1,3
99176168,150000,2024-05-17,11,1,1,0,0,0,1,3
99176214,220000,2024-05-17,11,1,1,0,0,0,1,6
99176758,300000,2024-05-17,11,3,1,0,0,0,1,5
97838087,400000,2024-04-25,11,1,2,0,0,0,1,7
97839385,250000,2024-04-25,11,2,2,0,0,0,1,7
97839580,90000,2024-04-25,11,1,1,0,0,0,1,7
97840676,100000,2024-04-25,11,2,1,0,0,0,1,6
97847531,280000,2024-04-25,11,1,2,0,0,0,1,7
97848136,235000,2024-04-25,11,1,1,0,0,0,1,7
97848762,250000,2024-04-25,11,2,1,0,0,0,1,7
97849003,250000,2024-04-25,11,1,1,0,1,0,1,7
98467388,92800,2024-05-06,11,3,3,0,0,0,1,5
100482681,140000,2024-05-28,11,1,1,0,0,0,1,5
100485711,250000,2024-05-28,11,1,2,0,0,0,1,7
101286642,119000,2024-06-05,11,2,1,0,0,0,1,3
101286817,90000,2024-06-05,11,1,3,0,0,0,1,6
101286941,120000,2024-06-05,11,1,1,0,0,0,1,5
101155542,253000,2024-06-03,11,1,1,0,0,0,1,6
101159437,130000,2024-06-04,11,1,1,0,0,0,1,7
101065928,250000,2024-06-03,11,1,1,0,0,0,1,4
102065809,200000,2024-06-17,11,1,1,0,0,0,1,7
102577447,550000,2024-06-24,11,1,4,0,0,0,1,4
102578323,300000,2024-06-24,11,1,2,0,0,0,1,6
102579656,241500,2024-06-24,11,1,2,0,0,0,1,7
100294367,150000,2024-05-27,11,2,1,0,0,0,1,6
100297453,150000,2024-05-27,11,2,1,0,0,0,1,6
100297462,106000,2024-05-27,11,1,1,0,0,0,1,6
96719317,200000,2024-04-11,11,2,2,0,0,0,1,4
98222715,150000,2024-05-02,11,2,1,0,0,0,1,7
101824635,110000,2024-06-13,11,1,1,0,0,0,1,7
101826342,131000,2024-06-13,11,1,1,0,1,0,1,5
102433781,300000,2024-06-21,11,2,2,0,0,0,1,4
102433872,227950,2024-06-21,11,1,1,0,0,0,1,5
102434252,178642,2024-06-21,11,1,1,0,0,0,1,5
102434348,174600,2024-06-21,11,1,1,0,0,0,1,5
96823486,286555,2024-04-12,11,1,1,0,0,0,1,5
96825294,100000,2024-04-12,11,1,1,0,0,0,1,5
96826940,220000,2024-04-12,11,1,1,0,0,0,1,3
96827034,220000,2024-04-12,11,2,1,0,0,0,1,7
96827405,220000,2024-04-12,11,2,2,0,0,0,1,6
96828633,300000,2024-04-12,11,2,2,0,0,0,1,6
97090348,85000,2024-04-16,11,3,3,0,0,0,3,3
99324095,250000,2024-05-18,11,1,2,0,0,0,1,6
100631322,3000000,2024-05-30,11,2,3,0,0,0,3,5
99981602,500000,2024-05-30,11,3,3,0,0,0,1,5
100634484,100000,2024-05-30,11,1,3,0,0,0,1,5
101389994,80000,2024-06-06,11,2,3,0,0,0,2,6
101390133,300000,2024-06-06,11,1,2,0,0,0,1,6
97442370,138200,2024-04-19,11,1,1,0,0,0,1,5
97442376,80000,2024-04-19,11,1,1,0,0,0,1,7
97445389,150000,2024-04-19,11,1,1,0,0,0,1,7
101295483,150000,2024-06-05,11,3,2,0,0,0,1,7
101295849,200000,2024-06-05,11,2,4,0,0,0,3,7
98596892,190000,2024-05-08,11,1,2,0,0,0,1,7
99736115,150000,2024-05-22,11,1,1,0,0,0,1,3
99736908,250000,2024-05-22,11,1,2,0,0,0,1,7
99739092,300000,2024-05-22,11,1,3,0,0,0,1,7
98333951,130000,2024-05-03,11,1,2,0,0,0,1,7
97692897,250000,2024-04-23,11,2,4,0,1,0,1,7
97693498,300000,2024-04-23,11,2,2,0,0,0,4,4
102156160,178642,2024-06-18,11,1,1,0,0,0,1,5
102156801,200000,2024-06-18,11,1,2,0,0,0,1,6
102243623,300000,2024-06-19,11,1,2,0,0,0,1,7
96406019,140000,2024-04-08,11,1,2,0,0,0,1,6
96406218,300000,2024-04-08,11,1,1,0,0,0,1,3
96406291,140000,2024-04-08,11,1,1,0,0,0,1,7
96407766,300000,2024-04-08,11,2,2,0,0,0,1,6
99327857,170000,2024-05-18,11,1,1,0,0,0,1,5
98894754,300000,2024-05-14,11,2,2,0,0,0,1,6
98897115,300000,2024-05-14,11,1,1,0,0,0,1,3
98471405,195500,2024-05-06,11,1,1,0,0,0,1,5
98471792,60000,2024-05-06,11,1,3,0,0,0,2,6
98473233,100000,2024-05-06,11,1,2,0,0,0,1,5
102345210,110000,2024-06-20,11,2,1,0,0,0,1,6
102345391,150000,2024-06-20,11,2,1,0,0,0,1,6
100486908,120000,2024-05-28,11,1,1,0,0,0,1,5
100489467,200000,2024-05-28,11,1,3,0,0,0,1,7
100489579,130000,2024-05-28,11,1,2,0,0,0,1,5
101476889,250000,2024-06-07,11,1,1,0,0,0,1,6
101478601,150000,2024-06-07,11,1,1,0,0,0,1,3
96533851,90000,2024-04-09,11,2,3,0,0,0,2,7
96535409,200000,2024-04-09,11,1,2,0,0,0,1,7
96537353,250000,2024-04-09,11,3,2,0,0,0,3,6
102069435,180000,2024-06-17,11,1,1,0,0,0,1,7
102069560,180000,2024-06-17,11,1,1,0,0,0,1,6
102069767,280000,2024-06-17,11,2,2,0,1,0,1,3
101392615,300000,2024-06-06,11,1,2,0,0,0,1,5
101168375,90000,2024-06-04,11,1,3,0,0,0,1,5
97242627,120000,2024-04-17,11,1,1,0,0,0,1,4
97242875,330000,2024-04-17,11,2,2,0,1,0,1,6
97243220,150000,2024-04-17,11,1,2,0,1,0,1,7
99031180,100000,2024-05-15,11,2,3,0,0,0,1,7
99032827,300000,2024-05-15,11,1,2,0,0,0,1,6
99033046,50000,2024-05-15,11,1,3,0,0,0,2,5
99177729,115000,2024-05-17,11,1,1,0,0,0,1,5
99181067,300000,2024-05-17,11,2,2,0,0,0,1,6
99181954,350000,2024-05-17,11,2,2,0,0,0,1,6
99182891,250000,2024-05-17,11,1,2,0,0,0,1,3
99183072,300000,2024-05-17,11,1,2,0,0,0,1,5
99184692,190000,2024-05-17,11,1,1,0,0,0,1,7
99953103,70000,2024-05-23,11,1,3,0,0,0,1,5
99953859,250000,2024-05-23,11,2,1,0,0,0,1,7
99956333,160000,2024-05-23,11,2,1,0,0,0,3,5
98228061,200000,2024-05-02,11,1,2,0,0,0,1,5
98228449,130000,2024-05-02,11,1,1,0,0,0,1,7
98228775,200000,2024-05-02,11,1,1,0,0,0,1,7
98228845,230000,2024-05-02,11,1,1,0,0,0,1,7
98229791,100000,2024-05-02,11,2,1,1,0,0,1,7
101306990,90000,2024-06-05,11,1,1,0,0,0,1,5
97093297,90000,2024-04-16,11,2,1,0,0,0,1,6
97093864,70000,2024-04-16,11,1,2,0,0,0,1,7
97094669,100000,2024-04-16,11,1,1,0,0,0,1,6
97095098,180000,2024-04-16,11,1,1,0,0,0,1,3
97095862,200000,2024-04-16,11,1,2,0,0,0,1,5
98764058,140000,2024-05-13,11,1,2,0,0,0,1,5
97451723,250000,2024-04-19,11,2,4,0,0,0,1,6
102582595,198000,2024-06-24,11,1,2,0,0,0,1,5
101826996,160000,2024-06-13,11,2,2,0,0,0,1,3
101827341,90000,2024-06-13,11,1,1,0,0,0,1,3
101828573,350000,2024-06-13,11,3,1,0,0,0,1,6
98597205,200000,2024-05-08,11,1,2,0,0,0,1,7
98597519,170000,2024-05-08,11,1,1,0,0,0,1,6
98598773,150000,2024-05-08,11,1,1,0,0,0,1,7
98599302,300000,2024-05-08,11,2,2,0,0,0,1,7
102435062,108000,2024-06-21,11,1,1,0,0,0,1,7
102437599,250000,2024-06-21,11,1,2,0,0,0,1,3
99579503,150000,2024-05-20,11,2,1,0,0,0,1,6
99747101,250000,2024-05-22,11,1,2,0,0,0,1,6
99753001,200000,2024-05-22,11,1,2,0,0,0,1,5
99758645,250000,2024-05-22,11,1,2,0,0,0,1,4
101611576,150000,2024-06-10,11,2,1,0,0,0,1,6
101611604,250000,2024-06-10,11,2,2,0,0,0,1,7
101394471,300000,2024-06-06,11,2,1,0,0,0,1,5
101395290,100000,2024-06-06,11,2,1,0,0,0,1,3
101396994,220000,2024-06-06,11,2,2,0,0,0,1,7
102159039,130000,2024-06-18,11,1,1,0,0,0,1,5
102071402,115000,2024-06-17,11,1,2,0,0,0,1,5
96830738,500000,2024-04-12,11,2,2,0,0,0,1,4
96829084,26000,2024-04-13,11,3,3,0,0,0,2,3
97698694,130000,2024-04-23,11,2,2,0,0,0,1,3
97700081,200000,2024-04-23,11,1,1,0,0,0,1,7
97703016,130000,2024-04-23,11,1,1,0,0,0,1,6
97872766,110000,2024-04-25,11,1,1,0,0,0,1,7
97875649,150000,2024-04-25,11,1,1,0,0,0,1,3
97876224,345000,2024-04-25,11,1,2,0,0,0,1,5
97876939,100000,2024-04-25,11,1,1,0,0,0,1,3
97877144,80000,2024-04-25,11,1,1,0,0,0,1,5
96723245,100000,2024-04-11,11,1,1,0,0,0,1,7
96724096,270000,2024-04-11,11,2,2,0,0,0,1,6
96724381,175000,2024-04-11,11,1,2,0,0,0,1,5
98901926,500000,2024-05-14,11,1,1,0,0,0,1,6
98901939,150000,2024-05-14,11,1,1,0,0,0,1,6
98902671,150000,2024-05-14,11,1,1,0,0,0,1,7
98903211,250000,2024-05-14,11,2,2,0,0,0,1,4
98334507,200000,2024-05-03,11,2,1,0,0,0,3,5
98335409,150000,2024-05-03,11,1,1,0,0,0,1,6
101309957,30000,2024-06-05,11,2,3,0,0,0,3,3
98234717,200000,2024-05-02,11,4,1,0,0,0,1,5
99186536,150000,2024-05-17,11,1,1,0,0,0,1,5
99199571,350000,2024-05-17,11,2,2,0,0,0,1,6
98474257,250000,2024-05-06,11,2,1,0,0,0,1,6
98475219,142000,2024-05-06,11,1,3,0,0,0,1,5
98476399,75000,2024-05-06,11,1,3,0,0,0,1,5
98478279,180000,2024-05-06,11,1,2,0,0,0,1,3
100635368,250000,2024-05-30,11,1,2,0,0,0,1,5
100635415,80000,2024-05-30,11,1,1,0,0,0,1,6
100639529,70000,2024-05-30,11,1,1,0,0,0,1,7
99870452,550000,2024-05-30,11,1,3,0,0,0,1,7
99999089,550000,2024-05-30,11,3,3,0,0,0,1,3
100651215,70000,2024-05-30,11,2,1,0,0,0,3,7
100655142,75000,2024-05-30,11,1,1,0,0,0,1,5
96542529,200000,2024-04-09,11,1,1,0,1,0,1,4
102347140,300000,2024-06-20,11,2,2,0,0,0,1,6
102347196,110000,2024-06-20,11,1,1,0,0,0,1,5
101177030,94000,2024-06-04,11,1,3,0,0,0,1,7
101179775,110000,2024-06-04,11,1,1,0,0,0,1,5
101180465,80000,2024-06-04,11,1,1,0,0,0,1,5
101182826,180000,2024-06-04,11,1,2,0,0,0,1,3
101185174,260000,2024-06-04,11,2,1,0,0,0,1,6
101185680,400000,2024-06-04,11,2,2,0,0,0,1,6
100492531,140000,2024-05-28,11,2,1,0,0,0,1,7
100494621,220000,2024-05-28,11,2,2,0,0,0,1,6
100495358,180000,2024-05-28,11,2,1,0,0,0,1,7
101479905,120000,2024-06-07,11,1,1,0,0,0,1,7
101482080,400000,2024-06-07,11,1,2,0,0,0,1,6
101482335,315000,2024-06-07,11,1,1,0,0,0,1,7
102249938,350000,2024-06-19,11,1,2,0,0,0,1,5
102250451,80000,2024-06-19,11,1,1,0,0,0,1,5
102250506,190000,2024-06-19,11,2,1,0,0,0,1,6
102252389,160000,2024-06-19,11,1,2,0,0,0,1,5
99038443,100000,2024-05-15,11,1,1,0,0,0,1,3
99957956,400000,2024-05-23,11,2,2,0,0,0,1,4
99958517,100000,2024-05-23,11,1,1,0,0,0,1,7
99959071,150000,2024-05-23,11,1,1,0,0,0,1,7
99396939,130000,2024-05-18,11,1,2,0,0,0,1,5
99397992,80000,2024-05-18,11,2,3,0,0,0,2,7
101713804,350000,2024-06-11,11,1,2,0,0,0,1,3
98601159,100000,2024-05-08,11,1,1,0,0,0,1,7
97252742,200000,2024-04-18,11,1,4,0,0,0,1,5
97253491,159100,2024-04-18,11,1,1,0,0,0,1,5
97253492,195500,2024-04-18,11,1,1,0,0,0,1,5
97253796,350000,2024-04-18,11,2,2,0,0,0,1,5
97254437,80000,2024-04-18,11,1,1,0,0,0,1,7
97255522,200000,2024-04-18,11,1,1,0,0,0,1,4
97258081,310000,2024-04-18,11,2,2,0,0,0,1,6
97260073,445000,2024-04-18,11,1,2,0,0,0,1,6
102438464,174000,2024-06-21,11,1,1,0,0,0,1,5
102438928,400000,2024-06-21,11,1,1,0,0,0,1,6
101615178,100000,2024-06-10,11,1,1,0,0,0,1,7
102585064,350000,2024-06-24,11,1,2,0,0,0,1,7
101830441,100000,2024-06-13,11,1,3,0,0,0,1,5
101831513,450000,2024-06-13,11,2,2,0,0,0,1,4
101832419,330000,2024-06-13,11,2,2,0,0,0,1,6
97454781,180000,2024-04-19,11,1,2,0,0,0,1,4
97458592,120000,2024-04-20,11,2,2,0,0,0,1,3
97097737,250000,2024-04-16,11,2,1,0,0,0,1,6
97098307,159000,2024-04-16,11,1,1,0,0,0,1,5
97098772,250000,2024-04-16,11,1,1,0,1,0,1,6
97099511,60000,2024-04-16,11,1,1,0,0,0,1,3
99580665,108000,2024-05-20,11,1,1,0,0,0,1,7
99583709,80000,2024-05-20,11,1,3,0,0,0,1,5
101398293,110000,2024-06-06,11,1,1,0,0,0,1,5
101399432,400000,2024-06-06,11,2,3,0,0,0,1,6
102074287,500000,2024-06-17,11,1,3,0,0,0,1,4
102074385,250000,2024-06-17,11,1,2,0,0,0,1,7
101312438,100000,2024-06-05,11,1,1,0,0,0,1,7
96726425,150000,2024-04-11,11,2,2,0,0,0,1,3
96726798,100000,2024-04-11,11,1,1,0,0,0,1,3
96728380,117972,2024-04-11,11,1,2,0,0,0,1,6
97878247,150000,2024-04-25,11,2,2,0,0,0,1,5
97881825,175000,2024-04-25,11,1,1,0,0,0,1,6
97882791,220000,2024-04-25,11,1,1,0,0,0,1,6
97883193,200000,2024-04-25,11,1,1,0,0,0,1,6
97883612,200000,2024-04-25,11,1,1,0,0,0,1,6
98904885,108500,2024-05-14,11,1,1,0,0,0,1,7
98906909,200000,2024-05-14,11,4,1,0,0,0,1,5
98908264,150000,2024-05-14,11,2,1,0,1,0,1,5
97706910,103000,2024-04-23,11,1,1,0,0,0,1,3
99213761,270000,2024-05-17,11,1,2,0,0,0,1,5
96838702,250000,2024-04-13,11,1,2,0,0,0,1,6
96845934,60000,2024-04-13,11,2,3,0,0,0,1,7
101482912,300000,2024-06-07,11,1,1,0,0,0,1,6
101483033,172000,2024-06-07,11,2,1,0,0,0,1,6
98237191,120000,2024-05-02,11,1,1,0,0,0,1,7
98237240,200000,2024-05-02,11,1,2,0,0,0,1,3
101925603,100000,2024-06-14,11,1,1,0,0,0,1,7
101925964,150000,2024-06-14,11,1,1,0,0,0,1,3
101926082,174600,2024-06-14,11,1,2,0,0,0,1,5
96545835,150000,2024-04-10,11,1,1,0,0,0,1,7
96546870,100000,2024-04-10,11,1,1,0,0,0,1,6
96548013,200000,2024-04-10,11,1,1,0,0,0,1,6
98480289,25000,2024-05-06,11,2,3,0,1,0,2,4
98480740,25000,2024-05-06,11,2,3,0,1,0,2,4
102254054,250000,2024-06-19,11,1,2,0,0,0,1,6
102254760,180000,2024-06-19,11,1,2,0,0,0,1,5
100497438,250000,2024-05-28,11,1,2,0,0,0,1,3
100498472,260000,2024-05-28,11,1,2,0,0,0,1,7
102351135,150000,2024-06-20,11,2,1,0,0,0,1,7
102352821,180000,2024-06-20,11,1,3,0,0,0,1,6
97264994,176000,2024-04-18,11,1,2,0,0,0,1,7
99404537,150000,2024-05-18,11,1,1,0,0,0,1,7
101719642,150000,2024-06-11,11,1,1,0,0,0,1,6
101719730,208000,2024-06-11,11,1,1,0,0,0,1,3
99965991,175000,2024-05-23,11,1,1,0,0,0,1,6
99966987,120000,2024-05-23,11,1,2,0,0,0,1,6
99042430,230000,2024-05-15,11,2,2,0,0,0,1,6
99043861,200000,2024-05-15,11,1,4,0,0,0,1,7
99043937,210000,2024-05-15,11,1,1,0,0,0,1,5
99045377,230000,2024-05-15,11,1,2,0,0,0,1,5
96418357,206960,2024-04-08,11,1,1,0,0,0,1,5
96421068,250000,2024-04-08,11,2,1,0,0,0,1,6
98604872,80000,2024-05-08,11,1,1,0,0,0,1,3
98606042,250000,2024-05-08,11,1,2,0,0,0,1,6
98607269,90000,2024-05-08,11,1,3,0,0,0,1,6
101620151,210000,2024-06-10,11,1,2,0,0,0,1,3
101835108,102000,2024-06-13,11,1,1,0,0,0,1,5
98770956,420000,2024-05-13,11,2,2,0,0,0,1,4
98770989,420000,2024-05-13,11,2,2,0,0,0,1,4
98771788,250000,2024-05-13,11,2,2,0,0,0,1,6
98772608,200000,2024-05-13,11,2,1,0,0,0,1,6
101080447,174600,2024-06-03,11,1,1,0,0,0,1,5
101084449,185000,2024-06-03,11,1,2,0,0,0,1,6
97461575,150000,2024-04-20,11,1,3,1,0,0,1,7
97461937,300000,2024-04-20,11,2,2,0,0,0,1,3
97464444,80000,2024-04-20,11,1,1,0,0,0,1,3
97465547,120000,2024-04-20,11,1,1,0,0,0,1,3
97467258,90000,2024-04-20,11,1,2,0,0,0,1,5
97468016,110000,2024-04-20,11,1,3,0,0,0,2,6
102588237,200000,2024-06-24,11,1,2,0,0,0,1,6
102589199,100000,2024-06-24,11,1,3,0,0,0,2,5
102589215,100000,2024-06-24,11,1,3,0,0,0,1,5
102589859,230000,2024-06-24,11,2,2,0,0,0,1,6
102165986,300000,2024-06-18,11,1,2,0,0,0,1,6
99800321,200000,2024-05-22,11,1,1,0,0,0,1,3
99801087,200000,2024-05-22,11,1,1,0,0,0,1,7
99802396,500000,2024-05-22,11,2,2,0,0,0,1,4
99803090,200000,2024-05-22,11,1,2,0,0,0,1,5
99586901,200000,2024-05-20,11,1,2,0,0,0,1,7
99586979,200000,2024-05-20,11,1,1,0,0,0,1,6
99589529,90000,2024-05-20,11,1,1,0,0,0,1,5
100307741,150000,2024-05-27,11,1,1,0,0,0,1,3
102077361,90000,2024-06-17,11,2,1,0,1,0,1,7
97105692,300000,2024-04-16,11,1,2,0,1,0,1,7
97105825,350000,2024-04-16,11,1,2,0,1,0,1,7
97106119,300000,2024-04-16,11,1,1,0,0,0,1,6
97106098,80000,2024-04-16,11,2,1,0,0,0,1,7
98343373,300000,2024-05-03,11,2,2,0,0,0,1,6
99217425,100000,2024-05-17,11,1,1,0,0,0,1,5
99220624,115000,2024-05-17,11,1,1,0,0,0,1,3
97711735,30000,2024-04-23,11,2,3,1,0,0,3,6
97715409,300000,2024-04-23,11,1,2,0,0,0,1,6
96732432,500000,2024-04-11,11,3,4,1,0,0,4,5
96741272,402299,2024-04-12,11,2,2,0,0,0,1,6
96742246,100000,2024-04-12,11,1,1,0,0,0,1,5
101222797,180000,2024-06-04,11,2,1,0,0,0,1,6
97883768,250000,2024-04-25,11,1,4,0,0,0,1,5
97885324,200000,2024-04-25,11,1,1,0,0,0,1,6
97888047,140000,2024-04-25,11,2,1,0,0,0,1,3
97888858,180000,2024-04-25,11,1,2,0,0,0,1,5
101485616,120000,2024-06-07,11,1,1,0,0,0,1,5
101929105,175000,2024-06-14,11,1,2,0,0,0,1,5
101930267,174600,2024-06-14,11,1,1,0,0,0,1,5
98239936,250000,2024-05-02,11,2,2,0,0,0,1,6
98240634,210000,2024-05-02,11,1,1,0,0,0,1,7
98241131,400000,2024-05-02,11,1,1,0,0,0,1,6
102256140,100000,2024-06-19,11,2,1,0,0,0,1,7
102353216,130000,2024-06-20,11,1,1,0,0,0,1,5
102353579,300000,2024-06-20,11,2,2,0,0,0,1,7
102354754,200000,2024-06-20,11,1,1,0,0,0,1,5
102354893,350000,2024-06-20,11,1,1,0,0,0,1,7
96550421,240000,2024-04-10,11,2,1,0,0,0,1,5
96555531,130000,2024-04-10,11,1,2,0,0,0,1,3
96556095,250000,2024-04-10,11,1,2,0,0,0,1,5
97289655,1000000,2024-04-18,11,2,4,1,0,0,4,5
97291224,230000,2024-04-18,11,2,2,0,0,0,1,6
99417271,100000,2024-05-18,11,1,1,0,0,0,1,7
98483782,350000,2024-05-06,11,3,1,0,0,0,1,6
98485060,280000,2024-05-06,11,2,2,0,1,0,1,7
98485815,230000,2024-05-06,11,1,2,0,0,0,1,5
98487068,200000,2024-05-06,11,1,2,0,0,0,1,5
98487262,200000,2024-05-06,11,2,2,0,0,0,1,6
98487398,230000,2024-05-06,11,1,1,0,0,0,1,7
98487635,230000,2024-05-06,11,1,1,0,0,0,1,3
100504116,230000,2024-05-28,11,2,2,0,0,0,1,6
100506108,330000,2024-05-28,11,1,2,0,0,0,1,3
96868807,115000,2024-04-13,11,3,3,0,0,0,1,5
96868808,115000,2024-04-13,11,3,3,0,0,0,1,5
101724037,290000,2024-06-11,11,2,2,0,0,0,1,6
101725783,350000,2024-06-11,11,2,2,0,0,0,1,6
101726366,250000,2024-06-11,11,1,2,0,0,0,1,7
101620570,287000,2024-06-10,11,1,1,0,0,0,1,3
101622892,230000,2024-06-10,11,1,1,0,0,0,1,7
101837372,300000,2024-06-13,11,1,2,0,0,0,1,5
101838913,220000,2024-06-13,11,2,2,0,0,0,1,6
101838993,80000,2024-06-13,11,1,3,0,0,0,1,5
101085938,180000,2024-06-03,11,2,1,1,1,0,1,3
101086004,300000,2024-06-03,11,1,1,0,0,0,1,7
101089255,200000,2024-06-03,11,1,2,0,0,0,1,5
102592467,150000,2024-06-24,11,2,1,0,0,0,1,3
97495685,250000,2024-04-20,11,2,1,0,0,0,1,6
102445155,350000,2024-06-21,11,2,2,0,0,0,1,6
102445997,160000,2024-06-21,11,1,2,0,0,0,1,5
102447057,175000,2024-06-21,11,1,1,0,0,0,1,6
99047346,103500,2024-05-15,11,2,1,0,0,0,3,6
99049804,198000,2024-05-15,11,1,2,0,0,0,1,5
98775258,190000,2024-05-13,11,1,1,0,0,0,1,5
98775331,240000,2024-05-13,11,1,2,0,0,0,1,5
98775706,390000,2024-05-13,11,1,2,0,0,0,1,3
102167056,150000,2024-06-18,11,1,2,0,0,0,1,3
102167165,300000,2024-06-18,11,1,2,0,0,0,1,7
102169025,200000,2024-06-18,11,1,1,0,0,0,1,3
102169816,350000,2024-06-18,11,1,2,0,0,0,1,6
101317881,100000,2024-06-05,11,1,1,0,0,0,1,5
101318882,200000,2024-06-05,11,4,1,0,0,0,1,5
98914571,250000,2024-05-14,11,1,2,0,0,0,1,7
98917569,233000,2024-05-14,11,2,2,0,0,0,1,6
98918174,115000,2024-05-14,11,3,3,0,0,0,1,5
99593034,70000,2024-05-20,11,1,3,0,0,0,1,5
99594348,240000,2024-05-20,11,1,2,0,0,0,1,6
99594630,80000,2024-05-20,11,2,3,0,0,0,2,6
99803926,130000,2024-05-22,11,1,1,0,0,0,1,3
99806409,250000,2024-05-22,11,1,2,0,0,0,1,5
99806730,160000,2024-05-22,11,1,2,0,0,0,1,5
99808659,100000,2024-05-22,11,1,4,0,0,0,1,7
96564444,350000,2024-04-10,11,2,2,0,0,0,1,4
99970946,230000,2024-05-23,11,1,1,0,0,0,1,7
99952792,150000,2024-05-23,11,1,1,0,0,0,1,7
99973595,110000,2024-05-23,11,1,3,0,0,0,2,6
101224231,180000,2024-06-04,11,2,1,0,0,0,1,6
101224929,60000,2024-06-04,11,1,3,0,0,0,1,3
100311873,135000,2024-05-27,11,1,1,0,0,0,1,5
100312052,300000,2024-05-27,11,1,1,0,1,0,1,5
100312870,140000,2024-05-27,11,2,1,0,0,0,1,3
100316237,300000,2024-05-27,11,2,2,0,0,0,1,6
98348811,70000,2024-05-03,11,1,1,0,0,0,1,7
98350592,250000,2024-05-03,11,1,2,0,0,0,1,7
99225164,170000,2024-05-17,11,1,2,0,0,0,1,6
99225300,200000,2024-05-17,11,1,1,0,0,0,1,7
99225746,200000,2024-05-17,11,1,2,0,0,0,1,5
99226185,260000,2024-05-17,11,1,1,0,0,0,1,6
101489353,200000,2024-06-07,11,1,2,0,0,0,1,7
101489883,260000,2024-06-07,11,2,2,0,0,0,1,6
101489887,200000,2024-06-07,11,1,1,0,0,0,1,7
101490719,150000,2024-06-07,11,2,2,0,0,0,1,6
101490772,270000,2024-06-07,11,3,1,0,0,0,1,6
100684563,250000,2024-05-30,11,1,2,0,0,0,1,6
100685707,200000,2024-05-30,11,2,1,0,0,0,1,6
100685711,350000,2024-05-30,11,2,2,0,0,0,1,6
97718679,350000,2024-04-23,11,1,1,0,0,0,1,5
97720426,150000,2024-04-23,11,1,1,0,0,0,1,3
98244025,130000,2024-05-02,11,1,2,0,0,0,1,5
98244046,350000,2024-05-02,11,2,2,0,0,0,1,6
98244702,250000,2024-05-02,11,1,2,0,0,0,1,6
98245284,150000,2024-05-02,11,1,2,0,0,0,1,7
98247175,250000,2024-05-02,11,1,1,0,0,0,1,6
99463451,250000,2024-05-19,11,1,1,0,0,0,1,7
98489647,180000,2024-05-07,11,1,1,0,0,0,1,6
98489882,173000,2024-05-07,11,1,1,0,0,0,1,6
98490355,250000,2024-05-07,11,2,1,0,0,0,4,7
102259442,390000,2024-06-19,11,1,2,0,0,0,1,6
102259911,300000,2024-06-19,11,1,2,0,0,0,1,6
102260562,110000,2024-06-19,11,1,1,0,0,0,1,7
97293060,150000,2024-04-18,11,1,2,0,0,0,1,7
102448785,210000,2024-06-21,11,1,1,0,0,0,1,7
102451642,350000,2024-06-22,11,1,2,0,0,0,1,7
102451819,120000,2024-06-22,11,2,1,0,0,0,1,3
101624580,80000,2024-06-10,11,2,3,0,0,0,2,6
101093300,300000,2024-06-03,11,2,2,0,0,0,1,7
101094174,350000,2024-06-03,11,1,4,0,0,0,1,6
98612379,160000,2024-05-08,11,1,2,0,0,0,1,7
98613538,210000,2024-05-08,11,2,1,0,0,0,1,6
98614144,200000,2024-05-08,11,1,2,0,0,0,1,6
101840119,350000,2024-06-13,11,1,2,0,0,0,1,7
101841133,120000,2024-06-13,11,2,1,1,0,0,1,6
101841686,108500,2024-06-13,11,1,1,0,0,0,1,7
101841966,150000,2024-06-13,11,1,1,0,0,0,1,3
101842509,150000,2024-06-13,11,1,1,0,0,0,1,7
101843490,200000,2024-06-13,11,1,2,0,0,0,1,6
102593376,130000,2024-06-24,11,1,3,0,0,0,1,7
102593792,200000,2024-06-24,11,1,2,0,0,0,1,7
102594883,130000,2024-06-24,11,1,1,0,0,0,1,3
102594939,150000,2024-06-24,11,1,1,0,0,0,1,5
97889825,150000,2024-04-25,11,1,2,0,0,0,1,7
97890131,270000,2024-04-25,11,1,2,0,0,0,1,6
97890251,210000,2024-04-25,11,1,2,0,0,0,1,6
97890482,350000,2024-04-25,11,1,4,0,0,0,1,6
97890545,160000,2024-04-25,11,1,1,0,0,0,1,6
96216072,550000,2024-04-12,11,3,3,0,0,0,2,7
96745900,250000,2024-04-12,11,1,2,0,0,0,1,7
96747594,150000,2024-04-12,11,2,1,0,0,0,1,7
96749726,250000,2024-04-12,11,2,2,0,0,0,1,4
96751702,50000,2024-04-12,11,4,3,1,0,0,1,3
96428767,300000,2024-04-08,11,1,1,0,0,0,1,6
96430043,180000,2024-04-08,11,2,2,0,0,0,1,7
99051433,150000,2024-05-15,11,1,1,0,0,0,1,7
99055117,180000,2024-05-15,11,1,2,0,0,0,1,7
99055779,120000,2024-05-15,11,1,1,0,0,0,1,7
101407981,350000,2024-06-06,11,1,3,0,0,0,1,5
101408641,280000,2024-06-06,11,1,2,0,0,0,1,6
101408787,3000000,2024-06-06,11,1,2,0,0,0,1,5
101229858,150000,2024-06-04,11,2,1,0,0,0,1,6
101229859,100000,2024-06-04,11,2,1,0,0,0,1,7
99596874,80000,2024-05-20,11,1,3,0,0,0,1,5
99598796,60000,2024-05-20,11,2,3,0,0,0,1,3
99599388,200000,2024-05-20,11,1,2,0,0,0,1,7
99599556,160000,2024-05-20,11,1,2,0,0,0,1,5
97506874,250000,2024-04-21,11,1,2,0,0,0,1,5
97508952,150000,2024-04-21,11,1,1,0,0,0,1,3
97515152,126440,2024-04-21,11,1,2,0,0,0,1,7
97113325,100000,2024-04-16,11,1,2,0,0,0,1,5
98918777,350000,2024-05-14,11,1,1,0,0,0,1,6
98919402,400000,2024-05-14,11,2,2,0,0,0,1,6
98922867,108000,2024-05-14,11,1,1,0,0,0,1,7
102084179,170000,2024-06-17,11,1,1,0,0,0,1,7
102084957,150000,2024-06-17,11,3,3,0,0,0,1,6
102086422,250000,2024-06-17,11,2,1,1,0,0,1,6
99809008,286555,2024-05-22,11,1,1,0,0,0,1,5
102160225,286555,2024-06-18,11,1,1,0,0,0,1,5
102171083,200000,2024-06-18,11,1,2,0,0,0,1,7
102171170,250000,2024-06-18,11,2,2,0,0,0,1,6
99229498,110000,2024-05-17,11,2,1,0,0,0,1,5
99230929,180000,2024-05-17,11,1,2,0,0,0,1,7
96934626,200000,2024-04-15,11,1,1,0,0,0,1,5
101493370,110000,2024-06-07,11,1,1,0,0,0,1,7
101493421,160000,2024-06-07,11,1,2,0,0,0,1,7
100687874,300000,2024-05-30,11,2,2,0,0,0,1,4
100689361,250000,2024-05-30,11,1,2,0,0,0,1,7
99975187,300000,2024-05-23,11,1,4,0,0,0,1,7
99975466,150000,2024-05-23,11,2,2,0,0,0,1,7
99977051,200000,2024-05-23,11,1,2,0,0,0,1,7
99979267,90000,2024-05-24,11,1,3,0,0,0,1,5
99979452,250000,2024-05-24,11,1,1,0,0,0,1,6
101731431,130000,2024-06-11,11,1,1,0,0,0,1,7
101733042,370000,2024-06-11,11,2,2,0,0,0,1,6
101733667,300000,2024-06-11,11,2,2,0,0,0,1,5
98248316,270000,2024-05-02,11,1,2,0,0,0,1,6
98252223,60000,2024-05-02,11,2,1,0,0,0,1,7
98494380,50000,2024-05-07,11,2,1,0,0,0,1,6
101937816,150000,2024-06-14,11,3,2,0,0,0,1,7
97723620,200000,2024-04-23,11,1,1,0,0,0,1,5
102264768,80000,2024-06-19,11,1,1,0,0,0,1,6
102265340,200000,2024-06-19,11,1,2,0,0,0,1,5
100319332,400000,2024-05-27,11,2,2,0,0,0,1,6
100319697,250000,2024-05-27,11,2,2,0,0,0,1,7
100320708,140000,2024-05-27,11,1,2,0,0,0,1,5
100321584,497045,2024-05-27,11,1,2,0,0,0,1,5
98778747,300000,2024-05-13,11,1,4,0,0,0,1,6
98779185,90000,2024-05-13,11,1,1,0,0,0,1,3
98780220,100000,2024-05-13,11,1,2,0,0,0,1,5
98780398,120000,2024-05-13,11,1,2,0,0,0,1,5
98782642,330000,2024-05-13,11,2,2,0,0,0,1,6
101095891,250000,2024-06-03,11,3,1,0,0,0,1,6
101098455,60000,2024-06-03,11,1,3,0,0,0,2,5
101099476,200000,2024-06-03,11,1,1,0,0,0,1,7
101099587,60000,2024-06-03,11,1,3,0,0,0,2,5
101627997,350000,2024-06-10,11,2,2,0,0,0,1,4
99473777,150000,2024-05-19,11,2,2,0,0,0,1,6
97302540,90000,2024-04-18,11,2,1,0,0,0,1,3
97303108,175000,2024-04-18,11,1,2,0,0,0,1,5
97303170,150000,2024-04-18,11,2,1,0,0,0,1,6
97303385,195000,2024-04-18,11,1,1,0,0,0,1,7
101844064,250000,2024-06-13,11,1,2,0,0,0,1,7
101845801,160000,2024-06-13,11,1,1,0,0,0,1,7
102454349,230000,2024-06-22,11,3,1,0,0,0,1,6
102454548,300000,2024-06-22,11,1,1,0,0,0,1,6
102454961,420000,2024-06-22,11,2,2,0,0,0,1,6
102455370,200000,2024-06-22,11,2,1,0,0,0,1,6
102455526,300000,2024-06-22,11,1,1,0,0,0,1,4
102459625,80000,2024-06-22,11,2,1,0,0,0,1,6
99076097,180000,2024-06-22,11,1,2,0,0,0,1,7
102597822,150000,2024-06-24,11,1,1,0,0,0,1,6
98617693,350000,2024-05-08,11,1,3,0,0,0,1,6
100514594,240000,2024-05-28,11,1,1,0,0,0,1,5
100515053,280000,2024-05-28,11,1,2,0,0,0,1,5
100515301,240000,2024-05-28,11,1,1,0,0,0,1,5
100516412,450000,2024-05-28,11,2,2,0,0,0,1,6
100517458,200000,2024-05-28,11,1,2,0,0,0,1,6
97564037,80000,2024-04-22,11,1,3,0,0,0,1,7
101323704,120000,2024-06-05,11,1,1,0,0,0,1,4
101323836,230000,2024-06-05,11,1,1,0,0,0,1,5
101324060,50000,2024-06-05,11,2,1,0,0,0,3,5
99056877,70000,2024-05-15,11,1,1,0,0,0,1,5
99057123,100000,2024-05-15,11,2,1,0,0,0,1,5
99059882,150000,2024-05-15,11,1,1,0,0,0,1,6
99061186,120000,2024-05-15,11,2,1,0,0,0,1,6
96433018,250000,2024-04-08,11,2,1,0,0,0,1,5
96435695,80000,2024-04-08,11,1,3,0,0,0,1,4
101231229,80000,2024-06-04,11,1,3,0,0,0,1,6
101231315,107000,2024-06-04,11,1,1,0,0,0,1,4
99601787,100000,2024-05-20,11,1,2,0,0,0,1,7
99604307,170000,2024-05-20,11,2,1,0,0,0,1,6
97118446,100000,2024-04-16,11,2,1,0,0,0,1,3
97120816,200000,2024-04-16,11,1,2,0,0,0,1,3
102087170,174000,2024-06-17,11,1,1,0,0,0,1,5
102087395,300000,2024-06-17,11,2,2,0,0,0,3,5
102088799,300000,2024-06-17,11,2,2,0,0,0,1,6
102089754,160000,2024-06-17,11,1,4,0,0,0,1,7
99235105,200000,2024-05-17,11,1,1,0,0,0,1,7
102174232,250000,2024-06-18,11,1,1,0,0,0,1,6
102175958,200000,2024-06-18,11,1,2,0,0,0,1,5
102176002,200000,2024-06-18,11,1,2,0,0,0,1,6
96588090,110000,2024-04-10,11,1,1,0,0,0,1,5
96590450,200000,2024-04-10,11,1,1,0,0,0,1,5
100692478,104000,2024-05-30,11,1,1,0,0,0,1,5
100692508,410000,2024-05-30,11,2,2,1,0,0,1,6
100693921,200000,2024-05-30,11,1,1,0,0,0,1,6
98924650,150000,2024-05-14,11,1,2,0,0,0,1,7
98928318,250000,2024-05-14,11,1,2,0,0,0,1,6
101100406,60000,2024-06-03,11,1,3,0,0,0,2,5
101100901,60000,2024-06-03,11,1,3,0,0,0,2,5
101101558,60000,2024-06-03,11,1,3,0,0,0,2,5
101101664,300000,2024-06-03,11,2,2,0,0,0,1,6
99817323,135000,2024-05-22,11,1,1,1,0,0,1,5
99818252,230000,2024-05-22,11,2,1,0,1,0,1,6
99818599,150000,2024-05-22,11,1,2,0,0,0,1,7
97729770,230000,2024-04-23,11,2,4,0,0,0,1,3
101735986,200000,2024-06-11,11,2,2,0,0,0,1,3
102462041,200000,2024-06-22,11,2,2,0,0,0,1,7
102471253,120000,2024-06-22,11,2,1,0,0,0,1,7
102473825,115000,2024-06-22,11,3,3,0,0,0,1,5
102473938,129600,2024-06-22,11,3,3,0,0,0,1,5
102473965,217100,2024-06-22,11,1,1,0,0,0,1,5
102473986,217100,2024-06-22,11,1,1,0,0,0,1,5
98253240,80000,2024-05-02,11,2,1,0,0,0,1,3
98255068,300000,2024-05-02,11,1,1,0,0,0,1,6
98255103,250000,2024-05-02,11,2,2,0,0,0,1,6
98255196,250000,2024-05-02,11,1,2,0,0,0,1,6
98256440,180000,2024-05-02,11,1,2,0,0,0,1,5
101941399,80000,2024-06-14,11,2,1,0,0,0,1,7
101941593,300000,2024-06-14,11,3,2,1,0,0,1,6
101942103,150000,2024-06-14,11,1,2,0,0,0,1,5
101942844,174000,2024-06-14,11,1,1,0,0,0,1,5
99981573,200000,2024-05-24,11,1,2,0,0,0,1,5
99982675,135000,2024-05-24,11,1,1,0,0,0,1,5
99984652,280000,2024-05-24,11,2,2,0,0,0,1,6
99985477,100000,2024-05-24,11,1,1,0,0,0,1,5
99991121,340000,2024-05-24,11,1,4,0,0,0,1,6
98358445,300000,2024-05-03,11,1,2,0,0,0,1,7
101633006,136000,2024-06-10,11,1,1,0,0,0,1,5
102362358,250000,2024-06-20,11,1,1,0,0,0,1,6
101848132,350000,2024-06-13,11,2,1,0,0,0,1,6
101849522,70000,2024-06-13,11,2,3,0,0,0,2,7
101849576,180000,2024-06-13,11,1,1,0,0,0,1,7
101850426,100000,2024-06-13,11,2,1,0,0,0,1,7
100326771,250000,2024-05-27,11,2,2,0,0,0,1,6
100328578,250000,2024-05-27,11,1,3,0,0,0,1,6
98499077,90000,2024-05-07,11,1,1,0,0,0,1,6
98499349,350000,2024-05-07,11,2,2,0,0,0,1,6
98500380,30000,2024-05-07,11,3,3,0,0,0,2,5
98500664,170000,2024-05-07,11,2,2,0,0,0,1,6
100518646,170000,2024-05-29,11,2,2,0,0,0,1,7
100520262,174000,2024-05-29,11,2,1,0,0,0,1,6
100523150,62150,2024-05-29,11,1,3,0,1,0,1,3
100525798,100000,2024-05-29,11,1,1,0,0,0,4,7
97308168,300000,2024-04-18,11,2,2,0,0,0,1,6
97309323,170000,2024-04-18,11,1,1,0,0,0,1,7
102600883,300000,2024-06-24,11,1,2,0,0,0,1,6
99061672,350000,2024-05-15,11,1,2,0,0,0,1,6
99065186,120000,2024-05-15,11,1,2,0,0,0,1,5
99066248,150000,2024-05-16,11,1,2,0,0,0,1,6
98619722,350000,2024-05-08,11,2,2,0,0,0,1,7
98621186,300000,2024-05-08,11,1,1,0,0,0,1,4
98621792,25000,2024-05-08,11,1,1,0,0,0,1,3
101325001,200000,2024-06-05,11,1,1,0,0,0,1,7
101326973,350000,2024-06-05,11,1,2,0,0,0,1,6
101412739,60000,2024-06-06,11,1,3,0,0,0,1,5
101413401,342000,2024-06-06,11,2,2,0,0,0,1,6
101413575,280000,2024-06-06,11,1,2,0,0,0,1,6
101414518,342000,2024-06-06,11,2,1,0,0,0,1,6
101415070,170000,2024-06-06,11,2,1,0,0,0,1,6
99237819,290000,2024-05-17,11,3,1,0,0,0,1,6
99238818,300000,2024-05-17,11,2,4,0,0,0,1,6
99239482,220000,2024-05-17,11,1,1,0,0,0,1,7
101233417,200000,2024-06-04,11,1,1,0,0,0,1,5
101234484,250000,2024-06-04,11,2,2,0,0,0,1,6
101236748,250000,2024-06-04,11,1,2,0,0,0,1,5
97907004,120000,2024-04-25,11,2,2,0,0,0,1,5
97909365,800000,2024-04-25,11,2,4,0,0,0,1,5
97912408,100000,2024-04-25,11,2,1,0,0,0,1,6
98783931,270000,2024-05-13,11,1,2,0,0,0,1,6
98785579,360000,2024-05-13,11,1,2,0,0,0,1,3
98786932,300000,2024-05-13,11,1,2,0,0,0,1,4
96440106,300000,2024-04-08,11,1,2,0,0,0,1,6
100697008,400000,2024-05-30,11,1,2,0,1,0,1,6
100697046,220000,2024-05-30,11,2,2,0,0,0,1,6
100697235,320000,2024-05-30,11,1,2,0,0,0,1,6
101106778,230000,2024-06-03,11,1,1,0,0,0,1,7
101739508,200000,2024-06-11,11,1,4,0,0,0,1,3
101740481,50000,2024-06-11,11,2,1,0,0,0,1,5
100000604,40000,2024-05-24,11,2,3,0,0,0,1,7
96594892,90000,2024-04-10,11,1,1,0,0,0,1,7
96595902,230000,2024-04-10,11,1,2,0,0,0,1,5
98929667,300000,2024-05-14,11,1,1,0,0,0,1,5
98933263,305000,2024-05-14,11,1,1,0,0,0,1,7
102091163,130000,2024-06-17,11,1,1,0,0,0,1,3
102093033,180000,2024-06-17,11,1,2,0,0,0,1,5
96969153,350000,2024-04-15,11,1,2,0,0,0,1,6
97124860,200000,2024-04-16,11,2,1,0,0,0,1,5
97124958,150000,2024-04-16,11,1,2,0,0,0,1,5
97125904,150000,2024-04-16,11,1,1,0,0,0,1,7
99824526,160000,2024-05-22,11,1,1,0,0,0,1,6
99606005,150000,2024-05-20,11,2,1,0,0,0,1,7
99606053,80000,2024-05-20,11,1,3,0,1,0,1,7
99606423,200000,2024-05-20,11,2,2,0,0,0,1,7
99606688,100000,2024-05-20,11,2,1,0,0,0,1,3
98356581,140000,2024-05-04,11,1,2,0,0,0,1,6
98362780,250000,2024-05-04,11,1,2,0,0,0,1,7
98365190,200000,2024-05-04,11,2,1,1,0,0,1,3
101943595,130000,2024-06-14,11,1,1,0,0,0,1,6
101946359,320000,2024-06-14,11,1,2,0,0,0,1,6
101946378,300000,2024-06-14,11,2,2,0,0,0,1,6
102365435,60000,2024-06-20,11,2,1,0,0,0,1,3
102368467,300000,2024-06-20,11,2,2,0,0,0,1,7
96786813,112000,2024-04-12,11,1,1,0,0,0,1,7
101634389,178642,2024-06-10,11,1,1,0,0,0,1,5
97737128,250000,2024-04-23,11,1,2,1,0,0,1,7
101853181,210000,2024-06-13,11,1,1,0,0,0,1,5
98511910,480000,2024-05-07,11,1,2,0,0,0,1,6
100527067,230000,2024-05-29,11,2,2,0,0,0,1,6
100531737,140000,2024-05-29,11,1,1,0,0,0,1,6
100535523,200000,2024-05-29,11,2,2,0,0,0,1,7
100541174,50000,2024-05-29,11,1,3,1,0,0,3,7
99242882,100000,2024-05-17,11,1,1,0,0,0,1,5
102486525,70000,2024-06-23,11,1,1,1,0,0,1,7
102489051,300000,2024-06-23,11,1,2,0,0,0,3,6
102489606,300000,2024-06-23,11,1,2,0,0,0,1,4
102494786,90000,2024-06-23,11,1,3,0,0,0,1,5
102500638,1000000,2024-06-23,11,2,2,0,0,0,1,4
102604665,60000,2024-06-24,11,1,3,0,0,0,1,7
102604860,80000,2024-06-24,11,1,3,0,0,0,1,5
101328369,174600,2024-06-05,11,1,2,0,0,0,1,5
102269438,150000,2024-06-19,11,2,1,0,0,0,1,6
102271013,150000,2024-06-19,11,1,1,0,0,0,1,7
97313939,150000,2024-04-18,11,1,1,0,0,0,1,3
97314646,250000,2024-04-18,11,2,2,0,0,0,1,6
97314804,260000,2024-04-18,11,1,2,0,0,0,1,6
99069335,100000,2024-05-16,11,2,3,0,0,0,1,5
99069402,250000,2024-05-16,11,1,1,0,0,0,1,7
99069800,50000,2024-05-16,11,2,1,0,0,0,1,3
99070071,140000,2024-05-16,11,1,1,0,0,0,1,6
99071485,70000,2024-05-16,11,1,2,0,0,0,1,5
99071498,150000,2024-05-16,11,1,1,0,0,0,1,7
101238053,136000,2024-06-04,11,1,1,0,0,0,1,5
101239176,200000,2024-06-04,11,1,1,0,0,0,1,7
101417293,30000,2024-06-06,11,1,3,0,0,0,2,6
101417348,180000,2024-06-06,11,2,1,0,0,0,1,6
98624800,250000,2024-05-08,11,2,2,0,0,0,1,5
102182319,227950,2024-06-18,11,1,1,0,0,0,1,5
100335120,140000,2024-05-27,11,1,2,0,0,0,1,7
98789505,250000,2024-05-13,11,1,2,0,0,0,1,6
98790496,200000,2024-05-13,11,1,2,0,0,0,1,6
98790649,100000,2024-05-13,11,1,1,0,0,0,1,5
98791105,250000,2024-05-13,11,1,2,0,0,0,1,7
100546209,350000,2024-05-29,11,2,2,0,0,0,1,6
102095014,300000,2024-06-17,11,1,1,0,0,0,1,3
102095236,85000,2024-06-17,11,1,1,0,0,0,1,3
101741969,200000,2024-06-11,11,1,1,0,0,0,1,5
100028533,230000,2024-05-24,11,2,2,0,0,0,1,6
100030247,120000,2024-05-24,11,2,2,0,0,0,1,7
101111143,380000,2024-06-03,11,1,2,0,0,0,1,5
101111348,100000,2024-06-03,11,1,3,0,0,0,1,7
101112929,298000,2024-06-03,11,1,1,0,0,0,1,3
97585986,500000,2024-04-22,11,2,2,0,0,0,1,4
97588017,200000,2024-04-22,11,1,1,0,0,0,1,3
96442519,250000,2024-04-08,11,1,2,0,0,0,1,7
96443421,80000,2024-04-08,11,1,1,0,0,0,1,5
96445625,250000,2024-04-08,11,1,1,0,0,0,1,7
96446212,150000,2024-04-08,11,1,2,0,0,0,1,7
98934073,92800,2024-05-14,11,3,3,0,0,0,1,5
98935759,200000,2024-05-14,11,1,2,0,0,0,4,6
98936239,300000,2024-05-14,11,3,2,1,0,0,1,6
98937023,720000,2024-05-14,11,2,2,0,0,0,1,6
98938354,250000,2024-05-14,11,1,2,0,0,0,1,7
97915562,140000,2024-04-25,11,1,1,0,0,0,1,5
97919061,155000,2024-04-25,11,2,1,0,0,0,1,7
97919371,120000,2024-04-25,11,1,2,0,0,0,1,7
97919423,150000,2024-04-25,11,1,1,0,0,0,1,5
99613060,250000,2024-05-21,11,2,1,0,0,0,1,6
99613609,130000,2024-05-21,11,1,2,0,0,0,1,5
99615482,300000,2024-05-21,11,2,2,0,0,0,1,6
99616706,120000,2024-05-21,11,2,1,0,0,0,1,3
101502315,500000,2024-06-07,11,2,2,0,0,0,1,4
101502492,150000,2024-06-07,11,1,1,0,0,0,1,5
101503236,380000,2024-06-07,11,2,2,0,0,0,1,6
100703364,180000,2024-05-30,11,2,2,0,0,0,1,6
98264057,250000,2024-05-02,11,3,1,0,0,0,1,6
98264441,90000,2024-05-02,11,1,1,0,0,0,1,5
98265149,220000,2024-05-02,11,2,2,0,0,0,1,6
99826385,50000,2024-05-22,11,2,3,0,0,0,3,7
99829281,160000,2024-05-22,11,1,1,0,0,0,1,6
99831663,160000,2024-05-22,11,1,1,0,0,0,1,6
99248437,80000,2024-05-17,11,1,3,0,0,0,1,5
102520913,120000,2024-06-23,11,1,1,0,0,0,1,5
97744436,115000,2024-04-24,11,3,3,0,0,0,1,5
97745899,260000,2024-04-24,11,1,2,0,0,0,1,7
101421562,200000,2024-06-06,11,1,1,0,0,0,1,7
101856276,130000,2024-06-13,11,1,1,0,0,0,1,3
102369629,250000,2024-06-20,11,1,2,0,0,0,1,6
102371195,200000,2024-06-20,11,1,1,0,0,0,1,5
101636911,200000,2024-06-10,11,2,1,0,0,0,1,6
101638623,250000,2024-06-10,11,1,1,0,0,0,1,7
102606710,180000,2024-06-24,11,2,2,0,0,0,1,6
99072374,250000,2024-05-16,11,1,1,0,0,0,1,6
102274054,180000,2024-06-19,11,1,1,0,0,0,1,6
101331668,300000,2024-06-05,11,1,3,0,0,0,1,3
101332338,320000,2024-06-05,11,1,2,0,0,0,1,4
101333932,176000,2024-06-05,11,1,1,0,0,0,1,7
98627899,150000,2024-05-08,11,1,1,0,0,0,1,5
98628971,100000,2024-05-08,11,1,2,0,1,0,1,5
98630312,50000,2024-05-09,11,2,3,0,0,0,1,5
97317744,250000,2024-04-18,11,2,2,0,0,0,1,7
97318309,250000,2024-04-18,11,1,2,0,0,0,1,7
97320093,310000,2024-04-18,11,2,2,0,0,0,1,6
97321839,357000,2024-04-18,11,1,1,0,0,0,1,5
98517948,150000,2024-05-07,11,1,1,0,0,0,1,5
98518169,90000,2024-05-07,11,1,1,0,0,0,1,6
98518222,90000,2024-05-07,11,1,1,0,0,0,1,6
100564577,60000,2024-05-29,11,2,3,0,0,0,2,7
100339333,200000,2024-05-27,11,1,1,0,0,0,1,6
100342831,230000,2024-05-27,11,1,1,0,1,0,1,6
98792467,70000,2024-05-13,11,2,3,0,0,0,2,7
98793700,200000,2024-05-13,11,1,2,0,0,0,1,6
101745232,120000,2024-06-11,11,2,1,0,1,0,1,7
101745300,170000,2024-06-11,11,2,1,0,0,0,1,6
101747200,200000,2024-06-11,11,2,1,0,1,0,1,6
102184042,155000,2024-06-18,11,2,1,0,0,0,1,3
102184528,350000,2024-06-18,11,1,2,0,0,0,1,6
102184856,60000,2024-06-18,11,1,1,0,0,0,1,5
100034070,92000,2024-05-24,11,1,1,0,0,0,1,6
100037158,120000,2024-05-24,11,1,1,0,0,0,1,5
96602540,300000,2024-04-10,11,1,2,0,0,0,1,7
96603200,400000,2024-04-10,11,2,2,0,0,0,1,6
97589962,200000,2024-04-22,11,1,1,0,0,0,1,7
97592104,130000,2024-04-22,11,1,1,0,0,0,1,3
98938977,250000,2024-05-14,11,2,1,0,0,0,1,6
98942053,270000,2024-05-14,11,3,2,0,0,0,1,6
97921290,100000,2024-04-25,11,1,1,0,0,0,1,3
97922657,220000,2024-04-25,11,2,2,0,0,0,1,6
97926415,250000,2024-04-25,11,1,2,0,0,0,1,6
99622070,50000,2024-05-21,11,2,1,0,0,0,1,3
99623614,120000,2024-05-21,11,2,1,1,0,0,1,6
99626977,60000,2024-05-21,11,2,3,0,0,0,1,7
102528781,150000,2024-06-24,11,1,1,0,0,0,1,7
102532749,40000,2024-06-24,11,2,3,0,0,0,1,7
96977968,210000,2024-04-15,11,2,2,0,0,0,1,6
96978960,330000,2024-04-15,11,1,2,0,0,0,1,3
96980102,140000,2024-04-15,11,1,1,0,0,0,1,7
96981120,100000,2024-04-15,11,2,1,0,0,0,1,6
96982752,90000,2024-04-15,11,1,1,0,0,0,1,6
96451611,200000,2024-04-09,11,1,2,0,0,0,1,5
97136383,180000,2024-04-16,11,3,2,0,0,0,1,7
97139406,90000,2024-04-16,11,1,2,0,0,0,1,5
100708374,100000,2024-05-30,11,3,1,0,0,0,1,3
100708399,120000,2024-05-30,11,1,1,0,0,0,1,5
100709728,120000,2024-05-30,11,1,1,0,0,0,1,6
101951245,250000,2024-06-14,11,1,2,0,0,0,1,6
97748018,170000,2024-04-24,11,1,2,0,1,0,1,7
97748781,70000,2024-04-24,11,1,1,0,0,0,1,5
97750706,170000,2024-04-24,11,2,2,0,0,0,1,7
97751387,130000,2024-04-24,11,1,2,0,0,0,1,3
97751936,130000,2024-04-24,11,1,1,0,0,0,1,7
97751981,80000,2024-04-24,11,2,1,0,0,0,1,7
101423451,350000,2024-06-06,11,2,1,0,0,0,1,6
101424577,250000,2024-06-06,11,2,2,0,0,0,1,6
101425346,200000,2024-06-06,11,1,1,0,0,0,1,7
99251831,80000,2024-05-17,11,2,1,0,0,0,1,5
99252610,130000,2024-05-17,11,1,1,0,0,0,1,5
99255174,200000,2024-05-17,11,2,1,0,0,0,1,6
98267867,85000,2024-05-03,11,1,1,0,0,0,1,7
98268624,200000,2024-05-03,11,1,1,0,0,0,1,7
98270300,150000,2024-05-03,11,3,1,0,0,0,2,5
101859133,235000,2024-06-13,11,1,1,0,0,0,1,7
101859395,120000,2024-06-13,11,1,1,0,0,0,1,3
101507362,150000,2024-06-07,11,2,2,0,0,0,1,6
99532606,290000,2024-05-20,11,2,4,0,0,0,1,6
99532783,330000,2024-05-20,11,1,2,0,0,0,1,7
99836954,160000,2024-05-22,11,2,1,0,0,0,1,3
101335066,140000,2024-06-05,11,1,2,0,0,0,1,7
101247843,140000,2024-06-04,11,1,2,0,0,0,1,7
99078533,300000,2024-05-16,11,1,2,0,0,0,1,5
99081023,300000,2024-05-16,11,3,3,0,0,0,1,4
99083275,360000,2024-05-16,11,2,2,0,0,0,1,6
99085338,230000,2024-05-16,11,1,2,0,0,0,1,6
98520504,170000,2024-05-07,11,2,2,0,0,0,1,7
98520551,250000,2024-05-07,11,2,2,0,0,0,1,7
96548018,200000,2024-04-16,11,1,1,0,0,0,1,6
96553304,600000,2024-04-16,11,3,3,0,0,0,1,4
97326720,200000,2024-04-18,11,1,1,0,0,0,1,6
97327838,90000,2024-04-18,11,1,1,0,0,0,1,7
97331786,350000,2024-04-18,11,1,2,0,0,0,1,6
102103693,100000,2024-06-17,11,1,1,0,0,0,1,3
102103840,300000,2024-06-17,11,2,1,0,0,0,1,4
102103845,174000,2024-06-17,11,1,1,0,0,0,1,5
102104003,150000,2024-06-17,11,1,2,0,0,0,1,6
102104334,320000,2024-06-17,11,2,2,0,0,0,3,4
102187448,315600,2024-06-18,11,1,2,0,0,0,1,6
102188722,183000,2024-06-18,11,1,1,0,0,0,1,6
98630983,90000,2024-05-09,11,1,3,0,0,0,1,5
98632845,200000,2024-05-09,11,1,2,0,0,0,1,5
98636550,40000,2024-05-09,11,2,3,0,0,0,3,7
100567806,150000,2024-05-29,11,1,1,0,0,0,1,7
102610435,180000,2024-06-24,11,1,2,0,0,0,1,7
102610520,150000,2024-06-24,11,1,1,0,0,0,1,5
102610597,215000,2024-06-24,11,1,2,0,0,0,1,3
102610993,150000,2024-06-24,11,1,1,0,0,0,1,4
97599106,170000,2024-04-22,11,2,1,0,0,0,1,6
97599342,170000,2024-04-22,11,2,2,0,0,0,1,7
101749368,143550,2024-06-11,11,1,2,0,1,0,1,5
101749754,140000,2024-06-11,11,1,1,0,0,0,1,7
101750301,180000,2024-06-11,11,1,2,0,0,0,1,7
99382097,250000,2024-05-24,11,2,2,0,0,0,1,5
100042371,70000,2024-05-24,11,1,1,0,0,0,1,3
100043660,130000,2024-05-24,11,1,1,0,0,0,1,3
96607717,260000,2024-04-10,11,1,2,0,0,0,1,7
96609952,70000,2024-04-10,11,1,1,0,0,0,1,5
96612162,200000,2024-04-10,11,2,2,0,0,0,1,6
98795749,287000,2024-05-13,11,1,1,0,0,0,1,5
98796492,195500,2024-05-13,11,1,1,0,0,0,1,5
98796566,286555,2024-05-13,11,1,1,0,0,0,1,5
98798431,45000,2024-05-13,11,1,3,0,0,0,2,3
98948247,330000,2024-05-14,11,2,1,0,0,0,1,6
97927628,65000,2024-04-25,11,1,1,0,0,0,1,5
97927700,130000,2024-04-25,11,2,2,0,0,0,1,7
97927861,200000,2024-04-25,11,1,2,0,0,0,1,3
97928372,150000,2024-04-26,11,1,2,0,0,0,1,6
97930981,200000,2024-04-26,11,1,2,0,0,0,1,5
97932529,135000,2024-04-26,11,1,1,0,0,0,1,5
97934724,100000,2024-04-26,11,1,1,0,0,0,1,6
97934952,280000,2024-04-26,11,2,3,0,0,0,1,7
100345619,110000,2024-05-27,11,1,1,0,0,0,1,5
100349853,130000,2024-05-27,11,1,2,0,0,0,1,5
100350076,350000,2024-05-27,11,1,4,0,0,0,1,7
98407727,315000,2024-05-05,11,2,2,0,0,0,1,6
100712490,200000,2024-05-30,11,1,4,0,0,0,1,5
97141936,120000,2024-04-16,11,1,3,0,0,0,4,7
97146004,250000,2024-04-17,11,2,2,0,0,0,1,6
97146079,115000,2024-04-17,11,1,1,0,0,0,1,7
97146775,70000,2024-04-17,11,2,3,0,0,0,2,7
96452863,300000,2024-04-09,11,1,2,0,0,0,1,5
96454107,180000,2024-04-09,11,1,2,0,0,0,1,3
101953650,100000,2024-06-14,11,2,1,0,0,0,3,5
101956345,180000,2024-06-15,11,1,1,0,0,0,1,5
102545529,550000,2024-06-24,11,1,3,0,0,0,1,6
101429138,245000,2024-06-06,11,1,1,0,0,0,1,6
101429760,80000,2024-06-06,11,1,1,0,0,0,1,7
96983143,100000,2024-04-15,11,1,1,0,0,0,1,5
96984378,300000,2024-04-15,11,3,4,0,0,0,1,7
96984532,120000,2024-04-15,11,2,1,0,0,0,1,7
96985074,90000,2024-04-15,11,2,3,0,0,0,3,5
96985789,300000,2024-04-15,11,2,1,0,0,0,1,7
96987339,220000,2024-04-15,11,2,2,0,0,0,1,6
96987852,180000,2024-04-15,11,1,2,0,0,0,1,6
96987875,163000,2024-04-15,11,1,1,0,0,0,1,5
96988057,86000,2024-04-15,11,1,1,0,0,0,1,5
97761923,120000,2024-04-24,11,1,3,0,0,0,1,5
101864477,300000,2024-06-13,11,2,2,0,0,0,1,6
101250343,150000,2024-06-04,11,2,1,0,0,0,1,6
101251067,100000,2024-06-04,11,1,3,0,0,0,1,5
101252541,170000,2024-06-04,11,1,1,0,0,0,1,6
101508671,105000,2024-06-07,11,1,2,0,0,0,1,5
101509845,200000,2024-06-07,11,1,2,0,0,0,1,3
101510146,120000,2024-06-07,11,1,1,0,0,0,1,5
99841287,90000,2024-05-22,11,1,3,0,0,0,1,5
99841812,160000,2024-05-22,11,1,4,0,0,0,1,5
99843542,300000,2024-05-22,11,1,2,0,0,0,1,7
99259617,90000,2024-05-17,11,1,1,0,0,0,1,7
98524764,200000,2024-05-07,11,1,2,0,0,0,1,5
102106354,80000,2024-06-17,11,2,3,0,0,0,2,4
102107449,300000,2024-06-17,11,2,2,0,0,0,1,7
102107619,357000,2024-06-17,11,1,1,0,0,0,1,5
98270710,230000,2024-05-03,11,2,2,0,0,0,1,7
98272859,30000,2024-05-03,11,2,1,0,0,0,1,7
98274642,210000,2024-05-03,11,1,2,0,0,0,1,5
101646564,350000,2024-06-10,11,2,2,0,0,0,1,3
101647246,250000,2024-06-10,11,1,2,0,0,0,1,7
97935849,250000,2024-04-26,11,2,2,0,0,0,1,6
97935959,300000,2024-04-26,11,1,3,0,0,0,1,5
98650964,207000,2024-05-09,11,1,1,0,0,0,1,5
98651587,180000,2024-05-09,11,1,1,0,0,0,1,7
102612631,286555,2024-06-24,11,1,1,0,0,0,1,5
102612637,260000,2024-06-24,11,1,1,0,0,0,1,6
102613344,210000,2024-06-25,11,1,2,0,0,0,1,6
102614337,300000,2024-06-25,11,2,2,0,0,0,1,6
102614431,150000,2024-06-25,11,1,1,0,0,0,1,5
102280579,166000,2024-06-19,11,1,2,0,0,0,1,5
102280899,140000,2024-06-19,11,1,1,0,0,0,1,7
102281025,100000,2024-06-19,11,2,1,0,0,0,1,3
102281042,220000,2024-06-19,11,1,1,0,0,0,1,3
102281540,38000,2024-06-19,11,3,3,0,1,0,2,3
98950244,160000,2024-05-15,11,1,1,0,0,0,1,5
98951789,200000,2024-05-15,11,2,1,0,0,0,1,6
98952021,200000,2024-05-15,11,1,1,0,0,0,1,5
98952373,90000,2024-05-15,11,1,3,0,0,0,1,7
98955088,350000,2024-05-15,11,2,2,0,0,0,1,3
100047906,180000,2024-05-24,11,1,1,0,0,0,1,5
100050657,65900,2024-05-24,11,1,2,0,0,0,1,5
100051377,200000,2024-05-24,11,1,1,0,0,0,1,7
100051697,250000,2024-05-24,11,1,2,0,0,0,1,3
102376431,100000,2024-06-21,11,1,2,0,1,0,1,6
102377556,300000,2024-06-21,11,2,2,0,0,0,1,4
96613906,310000,2024-04-10,11,1,2,0,0,0,1,6
97599398,250000,2024-04-22,11,1,2,0,0,0,1,7
97602541,350000,2024-04-22,11,1,2,0,0,0,1,6
97603049,150000,2024-04-22,11,1,1,0,0,0,1,5
97603105,250000,2024-04-22,11,2,2,0,0,0,1,6
98800695,200000,2024-05-13,11,1,2,0,0,0,1,6
98801700,150000,2024-05-13,11,1,1,0,0,0,1,5
98802429,150000,2024-05-13,11,1,2,0,0,0,1,3
98804383,200000,2024-05-13,11,1,2,0,0,0,1,6
100351804,120000,2024-05-27,11,1,2,0,0,0,1,5
100355078,200000,2024-05-27,11,1,2,0,0,0,1,5
98411606,50000,2024-05-06,11,1,1,0,0,0,1,6
100716817,227950,2024-05-30,11,1,1,0,0,0,1,5
100718956,150000,2024-05-30,11,1,1,0,0,0,1,5
96465992,150000,2024-04-09,11,1,1,0,0,0,4,5
96481797,250000,2024-04-09,11,2,2,0,0,0,1,6
101958447,200000,2024-06-15,11,1,2,0,0,0,1,5
101961243,200000,2024-06-15,11,1,2,0,0,0,1,7
97148802,250000,2024-04-17,11,2,2,0,0,0,1,6
97152028,200000,2024-04-17,11,1,4,0,0,0,1,5
97154925,150000,2024-04-17,11,1,2,0,0,0,1,3
97154938,200000,2024-04-17,11,1,2,0,0,0,1,3
97155568,230000,2024-04-17,11,1,2,0,0,0,1,3
96990607,120000,2024-04-15,11,1,1,0,0,0,1,7
96990867,200000,2024-04-15,11,1,1,0,0,0,1,5
97782271,200000,2024-04-24,11,1,2,0,0,0,1,5
101865570,150000,2024-06-13,11,2,2,0,0,0,1,7
101865791,140000,2024-06-13,11,1,1,0,0,0,1,7
101511531,100000,2024-06-07,11,1,2,0,0,0,1,5
101512453,176000,2024-06-07,11,1,1,0,0,0,1,7
101341018,80000,2024-06-05,11,2,1,1,0,0,1,7
98527522,200000,2024-05-07,11,1,1,0,0,0,1,7
98527586,250000,2024-05-07,11,1,2,0,0,0,1,7
98527661,200000,2024-05-07,11,1,1,0,0,0,1,7
98529878,250000,2024-05-07,11,1,1,0,0,0,1,5
99260840,90000,2024-05-17,11,2,1,0,1,0,1,7
101255720,250000,2024-06-04,11,1,2,0,0,0,1,7
98357244,500000,2024-05-09,11,1,3,0,0,0,1,5
101649027,87000,2024-06-10,11,4,1,1,0,0,1,7
101649343,300000,2024-06-10,11,2,2,0,0,0,1,6
101650000,130000,2024-06-10,11,1,1,0,0,0,1,7
99843885,200000,2024-05-22,11,2,1,0,0,0,1,6
99844266,180000,2024-05-22,11,1,1,0,0,0,1,3
99845260,248482,2024-05-22,11,1,2,0,0,0,1,5
99846461,120000,2024-05-22,11,2,1,0,0,0,1,6
99848112,100000,2024-05-22,11,1,1,0,0,0,1,7
99848356,350000,2024-05-22,11,1,2,0,0,0,1,6
97338666,170000,2024-04-18,11,1,1,0,0,0,1,5
97340371,150000,2024-04-18,11,1,1,0,0,0,1,3
97341332,250000,2024-04-18,11,1,2,0,0,0,1,6
97341419,115000,2024-04-18,11,3,3,0,0,0,1,5
97342330,150000,2024-04-18,11,2,1,0,0,0,1,6
97342548,120000,2024-04-18,11,2,1,0,0,0,1,7
102109686,200000,2024-06-17,11,2,1,0,0,0,1,6
102112207,200000,2024-06-17,11,2,1,0,0,0,1,6
102112920,80000,2024-06-17,11,2,3,0,0,0,2,7
102113059,280000,2024-06-17,11,1,2,1,0,0,1,6
102283915,220000,2024-06-19,11,1,1,0,0,0,1,6
102285324,300000,2024-06-19,11,2,2,0,0,0,1,3
102380016,250000,2024-06-21,11,1,2,0,0,0,1,7
102381068,200000,2024-06-21,11,1,2,0,0,0,1,5
96617982,250000,2024-04-10,11,1,2,0,0,0,1,6
96619614,120000,2024-04-10,11,1,1,0,0,0,1,5
96620993,200000,2024-04-10,11,1,1,0,0,0,1,5
102618039,100000,2024-06-25,11,1,2,0,0,0,1,5
98804681,90000,2024-05-13,11,2,1,0,0,0,1,3
98804710,200000,2024-05-13,11,1,2,0,0,0,1,6
98805125,280000,2024-05-13,11,2,1,0,1,0,1,3
98808376,150000,2024-05-13,11,2,2,0,0,0,1,3
102192367,290000,2024-06-18,11,3,1,0,0,0,1,6
97610221,100000,2024-04-22,11,1,1,0,0,0,1,7
98960241,120000,2024-05-15,11,1,1,0,0,0,1,6
99941737,183900,2024-05-27,11,1,1,0,0,0,1,5
100055900,60000,2024-05-24,11,1,3,0,0,0,2,5
99565462,100000,2024-05-24,11,1,3,0,0,0,1,5
99565960,100000,2024-05-24,11,1,3,0,0,0,2,5
100058423,100000,2024-05-24,11,1,1,0,0,0,1,3
100059217,300000,2024-05-24,11,1,2,0,0,0,1,6
98422880,170000,2024-05-06,11,1,1,0,0,0,1,6
99267170,60000,2024-05-17,11,1,3,0,0,0,1,3
100720673,150000,2024-05-30,11,1,1,0,0,0,1,5
100721061,176000,2024-05-30,11,1,2,0,0,0,1,7
100722608,90000,2024-05-30,11,2,1,0,0,0,1,6
100724083,85000,2024-05-30,11,2,1,0,0,0,1,7
100724092,200000,2024-05-30,11,2,2,0,0,0,1,5
100724150,126000,2024-05-30,11,1,2,0,0,0,1,5
99666983,100000,2024-05-21,11,1,1,0,0,0,1,6
98531622,300000,2024-05-07,11,1,2,0,0,0,1,7
98531972,150000,2024-05-07,11,2,2,0,0,0,1,6
97786742,950000,2024-04-24,11,1,2,0,0,0,1,5
97790270,400000,2024-04-24,11,1,2,0,0,0,1,6
98295796,235000,2024-05-03,11,1,2,0,0,0,1,6
98298753,175000,2024-05-03,11,1,1,0,0,0,1,7
101515415,300000,2024-06-07,11,2,2,0,0,0,1,5
101516090,110000,2024-06-07,11,1,1,0,0,0,1,7
101516287,25000,2024-06-07,11,2,3,0,1,0,2,4
101516298,25000,2024-06-07,11,2,3,0,1,0,2,4
101516467,145000,2024-06-07,11,1,1,0,0,0,1,6
101870633,150000,2024-06-13,11,1,1,0,0,0,1,5
101871890,150000,2024-06-13,11,1,1,0,0,0,1,6
101257112,500000,2024-06-04,11,2,2,0,0,0,1,3
96993801,200000,2024-04-15,11,1,2,0,0,0,1,5
96998090,300000,2024-04-15,11,2,1,1,0,0,1,7
96998446,100000,2024-04-15,11,1,1,0,0,0,1,5
101652432,40000,2024-06-10,11,2,1,1,0,0,3,7
101654963,250000,2024-06-10,11,1,2,0,0,0,1,5
101655032,420000,2024-06-10,11,2,2,0,0,0,1,6
99116072,170000,2024-05-16,11,1,2,0,0,0,1,5
99852855,150000,2024-05-22,11,1,2,0,0,0,1,7
99853765,120000,2024-05-22,11,1,3,0,0,0,4,7
99853879,150000,2024-05-22,11,2,1,0,0,0,1,6
97347448,206000,2024-04-18,11,1,1,0,0,0,1,7
97348740,171000,2024-04-18,11,1,2,0,0,0,1,5
97350222,250000,2024-04-19,11,2,2,0,0,0,1,7
100583480,200000,2024-05-29,11,2,2,0,0,0,1,7
100584593,140000,2024-05-29,11,1,2,0,0,0,1,5
100584767,270000,2024-05-29,11,2,2,0,0,0,1,6
100585403,200000,2024-05-29,11,2,1,0,0,0,1,6
102197606,170000,2024-06-18,11,1,1,0,0,0,1,7
102197693,250000,2024-06-18,11,2,2,0,0,0,1,6
102198333,90000,2024-06-18,11,2,1,0,0,0,1,6
102198739,200000,2024-06-18,11,1,2,0,0,0,1,5
97970133,150000,2024-04-26,11,2,1,0,0,0,1,6
97970151,150000,2024-04-26,11,2,1,0,0,0,1,6
96624045,230000,2024-04-10,11,1,1,0,0,0,1,7
96627889,150000,2024-04-10,11,1,2,0,0,0,1,5
102621777,160000,2024-06-25,11,2,1,0,0,0,1,3
102621779,100000,2024-06-25,11,1,2,0,0,0,1,5
102223962,300000,2024-06-25,11,1,3,0,0,0,1,5
98809045,150000,2024-05-13,11,1,2,0,0,0,1,7
98809109,250000,2024-05-13,11,2,2,0,1,0,1,6
98809376,250000,2024-05-13,11,1,2,0,0,0,3,3
98810200,60000,2024-05-13,11,1,3,0,0,0,1,7
98810781,260000,2024-05-13,11,2,2,0,0,0,1,6
102286460,180000,2024-06-19,11,1,3,0,0,0,1,7
102286742,170000,2024-06-19,11,1,2,0,0,0,1,5
102288353,380000,2024-06-19,11,2,2,0,0,0,1,6
102289589,75000,2024-06-19,11,2,1,0,0,0,1,5
98673693,150000,2024-05-10,11,1,1,0,0,0,1,7
98675766,160000,2024-05-10,11,2,4,0,0,0,1,7
97612249,100000,2024-04-22,11,2,3,1,0,0,3,5
97612482,150000,2024-04-22,11,1,2,0,0,0,1,5
97613853,280000,2024-04-22,11,2,1,0,0,0,1,6
101970465,180000,2024-06-15,11,2,2,0,0,0,1,6
101973356,220000,2024-06-15,11,1,2,0,0,0,1,3
98963714,280000,2024-05-15,11,1,2,0,0,0,1,6
99272456,130000,2024-05-17,11,1,1,0,0,0,1,5
99272784,130000,2024-05-17,11,1,1,0,0,0,1,6
100368939,260000,2024-05-27,11,1,2,0,0,0,1,6
100371544,141900,2024-05-27,11,1,1,0,0,0,1,5
100371941,250000,2024-05-27,11,1,1,0,0,0,1,6
100372669,150000,2024-05-27,11,3,1,0,0,0,1,6
100725245,233000,2024-05-30,11,2,1,0,0,0,1,6
100725891,126000,2024-05-30,11,1,2,0,0,0,1,5
98535614,160000,2024-05-07,11,1,1,0,0,0,1,3
98535946,150000,2024-05-07,11,1,1,0,0,0,1,6
97183201,120000,2024-04-17,11,1,3,0,0,0,2,5
97188342,150000,2024-04-17,11,1,2,0,0,0,1,7
97188446,300000,2024-04-17,11,2,2,0,0,0,1,6
99671434,210000,2024-05-21,11,1,1,0,0,0,1,3
99671489,140000,2024-05-21,11,1,2,0,0,0,1,6
99673453,300000,2024-05-21,11,2,2,0,0,0,1,4
100061743,140000,2024-05-24,11,1,2,0,0,0,1,5
100064873,170000,2024-05-24,11,1,2,0,0,0,1,5
100065984,280000,2024-05-24,11,2,2,0,1,0,1,6
100067020,50000,2024-05-24,11,2,1,0,0,0,1,5
96489294,130000,2024-04-09,11,1,3,0,0,0,1,6
96490334,160000,2024-04-09,11,2,1,0,0,0,1,3
99120738,100000,2024-05-16,11,2,1,0,0,0,1,7
99121758,300000,2024-05-16,11,2,1,0,0,0,1,4
99124033,160000,2024-05-16,11,1,4,0,0,0,1,7
102199469,200000,2024-06-18,11,2,2,1,0,0,1,7
97000634,230000,2024-04-15,11,1,2,0,0,0,1,6
97000763,350000,2024-04-15,11,2,2,0,0,0,1,6
97791262,65900,2024-04-24,11,1,2,0,0,0,1,5
97792448,250000,2024-04-24,11,2,2,0,0,0,3,6
97794777,120000,2024-04-24,11,1,2,0,0,0,1,5
99855970,115000,2024-05-22,11,1,1,0,0,0,1,7
99858698,240000,2024-05-22,11,1,2,0,0,0,1,7
99860201,90000,2024-05-22,11,1,3,0,0,0,1,5
99861159,400000,2024-05-23,11,2,4,1,0,0,1,6
97974811,90000,2024-04-26,11,1,2,0,0,0,1,6
97352010,200000,2024-04-19,11,2,2,0,0,0,1,6
97352091,300000,2024-04-19,11,2,1,0,0,0,1,6
97353954,200000,2024-04-19,11,2,1,0,0,0,1,6
97354238,130000,2024-04-19,11,1,1,0,0,0,1,7
97355051,190000,2024-04-19,11,1,2,1,0,0,1,5
97357556,150000,2024-04-19,11,1,3,1,0,0,1,6
96630077,260000,2024-04-10,11,1,2,0,0,0,1,7
96632451,200000,2024-04-10,11,2,4,0,0,0,1,3
102644986,150000,2024-06-25,11,2,2,0,0,0,1,7
102647591,450000,2024-06-25,11,2,2,0,0,0,1,4
98638425,500000,2024-05-15,11,1,3,0,0,0,1,7
98638734,450000,2024-05-15,11,1,3,0,0,0,1,7
102289980,200000,2024-06-19,11,1,2,0,0,0,1,6
102291800,320000,2024-06-19,11,2,2,0,0,0,1,6
99275250,150000,2024-05-17,11,1,1,0,0,0,1,7
99275955,190000,2024-05-17,11,2,2,0,0,0,1,6
98677531,350000,2024-05-10,11,2,2,0,0,0,1,4
98678776,110000,2024-05-10,11,1,1,0,0,0,1,7
98388658,250000,2024-05-10,11,1,3,0,0,0,1,5
98684288,300000,2024-05-11,11,1,1,0,0,0,1,5
97618849,150000,2024-04-22,11,2,1,0,0,0,1,6
97621443,1000000,2024-04-22,11,1,4,0,0,0,1,5
100730204,110000,2024-05-30,11,1,1,0,0,0,1,5
100730627,300000,2024-05-30,11,2,1,0,0,0,1,6
100731366,120000,2024-05-30,11,1,1,0,0,0,1,5
100732198,80000,2024-05-30,11,2,1,0,0,0,1,5
100732607,120000,2024-05-30,11,2,1,0,0,0,1,7
98814736,270000,2024-05-13,11,2,2,1,0,0,1,6
98814892,120000,2024-05-13,11,1,3,0,0,0,1,6
97185837,157000,2024-05-13,11,1,1,0,0,0,1,5
98540897,360000,2024-05-07,11,2,4,0,0,0,1,6
98541593,180000,2024-05-07,11,1,1,0,0,0,1,7
97191503,28000,2024-04-17,11,3,3,0,0,0,2,7
100373308,157000,2024-05-27,11,2,1,0,0,0,1,6
100374083,157000,2024-05-27,11,2,1,0,0,0,1,6
100375681,157000,2024-05-27,11,1,1,0,0,0,1,6
100376376,150000,2024-05-27,11,1,2,0,0,0,1,3
100377004,50000,2024-05-27,11,2,3,1,0,0,1,7
100377914,300000,2024-05-27,11,1,2,0,0,0,1,5
100378878,110000,2024-05-27,11,1,1,0,0,0,1,5
102204267,200000,2024-06-18,11,1,2,0,0,0,1,6
102204510,200000,2024-06-18,11,2,2,0,0,0,1,6
99127733,360000,2024-05-16,11,1,2,0,0,0,1,6
99128620,120000,2024-05-16,11,1,1,0,0,0,1,6
97005342,80000,2024-04-15,11,1,1,0,0,0,1,5
97009501,80000,2024-04-15,11,1,1,0,0,0,1,3
97979820,110000,2024-04-26,11,1,3,0,0,0,1,6
97798677,125000,2024-04-24,11,1,4,0,0,0,1,7
97800526,160000,2024-04-24,11,2,1,1,0,0,1,7
97802071,120000,2024-04-24,11,1,1,0,0,0,1,5
96635637,70000,2024-04-10,11,1,1,0,0,0,1,7
96638169,75000,2024-04-10,11,1,1,0,0,0,1,5
99864555,206000,2024-05-23,11,1,1,0,0,0,1,7
99864656,185000,2024-05-23,11,1,1,0,0,0,1,3
99864934,300000,2024-05-23,11,1,2,0,0,0,1,6
99864988,115000,2024-05-23,11,2,2,0,0,0,1,3
99865444,50000,2024-05-23,11,1,3,0,0,0,2,5
99865546,350000,2024-05-23,11,1,2,0,0,0,1,6
99866329,110000,2024-05-23,11,1,2,0,0,0,1,5
99868969,450000,2024-05-23,11,2,1,0,0,0,1,7
99868982,90000,2024-05-23,11,2,1,0,0,0,1,7
99868996,50000,2024-05-23,11,1,1,0,0,0,1,7
100068870,50000,2024-05-24,11,2,1,0,0,0,1,6
100069151,180000,2024-05-24,11,1,1,0,0,0,1,7
100071502,200000,2024-05-24,11,1,2,0,0,0,1,7
99674902,150000,2024-05-21,11,1,2,0,0,0,1,5
99675734,120000,2024-05-21,11,1,1,0,0,0,1,6
99677010,250000,2024-05-21,11,1,1,0,0,0,1,3
99677296,260000,2024-05-21,11,1,1,0,0,0,1,6
99677328,120000,2024-05-21,11,1,2,0,0,0,1,5
99678454,85000,2024-05-21,11,1,2,0,0,0,1,7
98545364,350000,2024-05-07,11,2,2,0,0,0,1,6
98818780,250000,2024-05-13,11,1,2,0,0,0,1,6
98819631,250000,2024-05-13,11,1,1,0,0,0,1,7
102293683,150000,2024-06-19,11,1,1,0,0,0,1,3
102294269,150000,2024-06-19,11,1,1,0,0,0,1,5
102295929,260000,2024-06-19,11,1,2,0,0,0,1,5
102296207,150000,2024-06-19,11,2,2,0,0,0,1,3
97624830,300000,2024-04-22,11,1,4,0,0,0,1,5
97624895,156000,2024-04-22,11,2,1,0,0,0,1,6
97625502,170000,2024-04-22,11,1,1,0,0,0,1,5
97198310,100000,2024-04-17,11,2,3,0,0,0,1,5
97198404,170000,2024-04-17,11,1,1,0,0,0,1,5
97199394,200000,2024-04-17,11,1,1,0,0,0,1,5
100381748,80000,2024-05-27,11,2,3,0,0,0,2,4
100382312,108500,2024-05-27,11,1,1,0,0,0,1,7
100384130,180000,2024-05-27,11,1,2,0,0,0,1,6
100385419,200000,2024-05-27,11,1,1,0,0,0,1,7
100386175,240000,2024-05-27,11,2,2,0,0,0,1,7
97010223,180000,2024-04-15,11,2,2,0,0,0,1,6
97013575,210000,2024-04-15,11,1,2,0,0,0,1,6
97014038,50000,2024-04-15,11,2,1,0,0,0,1,3
97985359,300000,2024-04-26,11,1,2,0,0,0,1,4
97991854,130000,2024-04-26,11,2,1,0,0,0,1,7
99132580,300000,2024-05-16,11,1,2,0,0,0,1,3
99134911,50000,2024-05-16,11,1,3,0,0,0,1,5
96640067,400000,2024-04-10,11,2,1,1,0,0,1,6
99870753,40000,2024-05-23,11,3,3,0,0,0,2,7
99871736,150000,2024-05-23,11,1,2,0,0,0,1,5
99872268,300000,2024-05-23,11,1,2,0,0,0,1,7
99874403,150000,2024-05-23,11,1,2,0,0,0,1,5
99817956,60000,2024-05-23,11,1,3,0,0,0,2,7
100077910,350000,2024-05-24,11,1,2,0,0,0,1,4
97384545,70000,2024-04-19,11,2,1,0,0,0,1,3
97385655,210000,2024-04-19,11,2,1,0,0,0,1,6
97387864,200000,2024-04-19,11,2,1,0,0,0,1,7
99684318,160000,2024-05-21,11,1,1,0,0,0,1,7
99685374,190000,2024-05-21,11,2,2,0,0,0,1,3
100742250,255000,2024-05-31,11,2,2,0,0,0,1,6
100747980,140000,2024-05-31,11,3,3,0,0,0,1,5
98822479,80000,2024-05-13,11,2,3,0,0,0,2,4
98824643,200000,2024-05-13,11,1,2,0,0,0,1,6
102299399,150000,2024-06-20,11,1,1,0,0,0,1,3
102299752,250000,2024-06-20,11,1,2,0,0,0,1,7
102301543,150000,2024-06-20,11,1,2,0,0,0,1,5
97202380,150000,2024-04-17,11,1,1,0,0,0,1,5
97203500,500000,2024-04-17,11,2,4,0,0,0,1,4
97627644,130000,2024-04-22,11,1,1,0,0,0,1,5
97629648,400000,2024-04-22,11,2,2,0,0,0,1,4
97630231,150000,2024-04-22,11,2,3,0,0,0,1,4
97631444,200000,2024-04-22,11,1,1,0,0,0,1,4
98547170,120000,2024-05-07,11,1,1,0,0,0,1,5
102657730,300000,2024-06-25,11,2,2,0,0,0,1,6
102659964,200000,2024-06-25,11,3,2,0,0,0,1,6
102660177,120000,2024-06-25,11,2,1,0,0,0,1,7
102662319,345000,2024-06-25,11,1,2,0,0,0,1,6
100389934,312000,2024-05-27,11,1,2,0,0,0,1,6
100391197,115000,2024-05-27,11,3,3,0,0,0,1,5
100391903,120000,2024-05-27,11,2,1,0,0,0,1,6
100394172,250000,2024-05-27,11,1,1,0,0,0,1,7
100755633,222000,2024-05-31,11,1,2,0,0,0,1,7
100755660,250000,2024-05-31,11,1,3,0,0,0,1,3
99135957,180000,2024-05-16,11,1,1,0,0,0,1,6
99136601,200000,2024-05-16,11,1,2,0,0,0,1,5
99136713,350000,2024-05-16,11,2,2,0,0,0,1,6
99137378,250000,2024-05-16,11,1,1,0,0,0,1,3
99137393,200000,2024-05-16,11,1,2,0,0,0,1,6
97016400,150000,2024-04-15,11,1,1,0,0,0,1,5
97018482,170000,2024-04-15,11,1,2,0,0,0,1,7
97400548,40000,2024-04-19,11,3,3,0,0,0,2,7
99686663,150000,2024-05-21,11,2,2,0,0,0,1,7
99688269,350000,2024-05-21,11,1,1,0,0,0,1,7
97992755,170000,2024-04-26,11,1,1,0,0,0,1,5
97995631,106000,2024-04-26,11,1,1,0,0,0,1,6
97995645,80000,2024-04-26,11,2,3,0,0,0,2,7
97996152,148000,2024-04-26,11,1,1,0,0,0,1,5
97444612,300000,2024-04-25,11,3,2,1,0,0,1,6
97021655,200000,2024-04-15,11,1,2,0,0,0,1,6
97022935,135000,2024-04-15,11,1,1,0,0,0,1,5
102666635,160000,2024-06-25,11,1,3,0,0,0,1,5
100396558,210000,2024-05-28,11,1,2,0,0,0,1,5
100396665,270000,2024-05-28,11,1,1,0,0,0,1,7
100397002,70000,2024-05-28,11,3,3,0,0,0,1,5
100399602,40000,2024-05-28,11,2,3,0,0,0,1,7
98000975,286555,2024-04-26,11,1,1,0,0,0,1,5
98003853,50000,2024-04-26,11,1,1,0,0,0,1,3
98004663,144600,2024-04-26,11,1,2,0,0,0,1,5
98004720,150000,2024-04-26,11,1,1,0,0,0,1,3
100787128,220000,2024-05-31,11,2,1,0,0,0,1,6
100402062,150000,2024-05-28,11,1,1,0,0,0,1,7
100406819,300000,2024-05-28,11,1,2,0,0,0,1,4
100410315,200000,2024-05-28,11,1,4,0,0,0,1,7
100411588,40000,2024-05-28,11,3,3,0,0,0,2,5
100415336,100000,2024-05-28,11,2,3,1,0,0,3,5
102668667,120000,2024-06-25,11,1,2,0,0,0,1,7
102669694,250000,2024-06-25,11,1,1,0,0,0,1,5
102675979,100000,2024-06-25,11,2,1,0,0,0,1,3
100087368,200000,2024-05-24,11,1,1,0,0,0,1,3
100089875,160000,2024-05-24,11,1,2,0,0,0,1,3
100090263,450000,2024-05-24,11,2,4,1,0,0,1,6
100091056,180000,2024-05-24,11,1,2,0,0,0,1,5
100092741,200000,2024-05-24,11,1,3,0,0,0,1,6
100094416,400000,2024-05-24,11,2,2,0,0,0,1,6
100791431,165000,2024-05-31,11,1,1,0,0,0,1,3
98006805,85000,2024-04-26,11,2,1,0,0,0,1,7
98009077,80000,2024-04-26,11,2,3,0,0,0,2,4
98009859,180000,2024-04-26,11,1,1,0,0,0,1,7
98010619,350000,2024-04-27,11,1,1,0,0,0,1,5
102680988,70000,2024-06-25,11,1,3,0,0,0,1,5
100797476,200000,2024-05-31,11,1,2,0,0,0,1,5
98013534,450000,2024-04-27,11,2,2,0,0,0,1,6
98013592,80000,2024-04-27,11,1,1,0,0,0,1,7
98014041,70000,2024-04-27,11,1,3,0,0,0,1,7
98016702,350000,2024-04-27,11,1,4,0,0,0,1,7
98021141,200000,2024-04-27,11,1,2,0,0,0,1,7
102687351,170000,2024-06-25,11,1,4,0,0,0,1,5
102689810,140000,2024-06-25,11,1,1,0,0,0,1,3
98032100,90000,2024-04-27,11,1,3,0,0,0,2,7
102694241,280000,2024-06-25,11,1,1,0,0,0,1,6
102694283,80000,2024-06-25,11,1,1,0,0,0,1,7
102694830,70000,2024-06-25,11,1,3,0,0,0,1,7
102696758,150000,2024-06-25,11,1,2,0,0,0,1,5
102696918,100000,2024-06-25,11,1,2,0,0,0,1,5
100808202,30000,2024-05-31,11,3,3,0,0,0,3,5
100811033,70000,2024-05-31,11,1,2,0,0,0,1,5
100811567,330000,2024-05-31,11,1,1,0,0,0,1,6
100813448,100000,2024-05-31,11,1,1,0,0,0,1,5
102698926,200000,2024-06-25,11,1,2,0,0,0,1,5
102703527,80000,2024-06-25,11,1,2,0,0,0,1,5
102703846,90000,2024-06-25,11,2,1,0,0,0,1,7
100819536,80000,2024-05-31,11,1,1,0,0,0,1,3
102704772,110000,2024-06-25,11,1,4,0,0,0,1,5
102705329,240000,2024-06-25,11,2,1,0,0,0,1,6
102706242,150000,2024-06-25,11,1,2,0,0,0,1,5
102706418,280000,2024-06-25,11,2,1,0,1,0,1,3
102709982,185000,2024-06-26,11,1,1,0,0,0,1,7
102711074,240000,2024-06-26,11,2,2,0,0,0,1,3
98068221,400000,2024-04-27,11,2,2,0,0,0,1,6
98068978,350000,2024-04-27,11,1,3,0,0,0,1,5
102713133,150000,2024-06-26,11,1,2,0,0,0,1,7
102713259,90000,2024-06-26,11,1,3,0,0,0,1,5
102713831,150000,2024-06-26,11,2,1,0,0,0,1,6
100829048,248482,2024-05-31,11,1,2,0,0,0,1,5
100832281,250000,2024-05-31,11,1,1,0,0,0,1,6
100832649,250000,2024-05-31,11,1,1,0,0,0,1,6
100833744,250000,2024-05-31,11,1,1,0,0,0,1,6
102720986,300000,2024-06-26,11,1,1,0,0,0,1,5
98071305,300000,2024-04-27,11,1,4,0,0,0,1,5
98072310,120000,2024-04-27,11,1,1,0,0,0,1,5
100836176,286555,2024-05-31,11,1,1,0,0,0,1,5
100837799,140000,2024-05-31,11,1,1,0,0,0,1,7
100841452,60000,2024-05-31,11,2,1,0,0,0,3,5
98077382,120000,2024-04-27,11,2,1,0,0,0,1,7
98080821,100000,2024-04-27,11,1,1,0,0,0,1,5
98082621,195000,2024-04-27,11,1,1,0,0,0,1,5
98084421,80000,2024-04-27,11,1,1,0,0,0,1,6
98069771,350000,2024-04-27,11,2,2,0,0,0,1,6
98086022,30000,2024-04-27,11,1,3,0,0,0,3,3
98089535,114000,2024-04-28,11,1,1,0,0,0,1,3
98089551,60000,2024-04-28,11,1,3,0,0,0,2,7
98091010,120000,2024-04-28,11,1,1,0,0,0,1,6
98117845,300000,2024-04-29,11,1,2,0,0,0,1,5
98125108,500000,2024-04-29,11,2,3,0,0,0,3,5
98125792,100000,2024-04-29,11,2,3,0,0,0,1,6
98152103,171000,2024-04-30,11,2,2,0,0,0,1,7
98157958,35000,2024-04-30,11,2,1,0,0,0,4,6
98161716,220000,2024-04-30,11,1,2,0,0,0,1,7
98165786,170000,2024-05-01,11,1,1,0,0,0,1,1
101753161,120000,2024-06-11,11,1,1,0,0,0,1,1
101754598,90000,2024-06-11,11,1,1,0,0,0,1,1
101755000,110000,2024-06-11,11,1,1,0,0,0,1,1
101755652,120000,2024-06-12,11,2,2,0,0,0,1,2
98826169,180000,2024-05-14,11,2,1,0,0,0,1,1
98829538,120000,2024-05-14,11,2,2,0,0,0,1,1
102555490,93000,2024-06-24,11,1,1,0,0,0,1,1
98687873,50000,2024-05-11,11,2,1,0,0,0,1,2
98404291,600000,2024-05-11,11,3,3,0,0,0,1,1
98701782,130000,2024-05-11,11,1,2,0,0,0,1,2
102114680,200000,2024-06-17,11,2,1,0,0,0,1,1
100427084,250000,2024-05-28,11,3,2,0,0,0,1,2
100435240,120000,2024-05-28,11,2,1,0,0,0,1,1
97023759,300000,2024-04-15,11,2,1,0,0,0,1,8
97023981,60000,2024-04-15,11,1,1,0,0,0,1,1
97025544,80000,2024-04-15,11,1,1,0,0,0,1,2
97026987,150000,2024-04-15,11,2,2,0,0,0,1,1
97027626,130000,2024-04-15,11,1,2,0,0,0,1,1
101258943,300000,2024-06-04,11,2,2,0,0,0,1,8
101261397,70000,2024-06-04,11,1,1,0,0,0,1,1
102002631,280000,2024-06-16,11,1,4,0,0,0,1,2
99696435,90000,2024-05-21,11,1,1,0,0,0,1,1
99699024,160000,2024-05-21,11,1,1,0,0,0,1,1
99701887,100000,2024-05-21,11,1,2,0,0,0,1,1
100592246,70000,2024-05-29,11,2,1,0,0,0,1,2
100595586,120000,2024-05-29,11,1,1,0,0,0,1,1
98705016,200000,2024-05-11,11,2,1,0,0,0,1,2
98411447,550000,2024-05-11,11,3,3,0,0,0,1,1
98411472,200000,2024-05-11,11,1,3,0,0,0,1,8
99001573,220000,2024-05-15,11,2,2,0,1,0,1,1
101344317,75000,2024-06-05,11,1,1,0,0,0,1,1
101758421,200000,2024-06-12,11,1,1,0,0,0,1,1
101519500,60000,2024-06-07,11,1,3,0,1,0,1,1
101519923,80000,2024-06-07,11,1,1,0,0,0,1,1
98180374,100000,2024-05-01,11,1,2,0,0,0,1,1
96789285,120000,2024-04-12,11,2,2,0,0,0,1,1
96789392,200000,2024-04-12,11,1,2,0,0,0,1,1
96790995,70000,2024-04-12,11,1,1,0,0,0,1,1
98302277,150000,2024-05-03,11,1,1,0,0,0,1,1
102206588,342000,2024-06-18,11,2,1,0,0,0,1,1
102206706,300000,2024-06-18,11,1,2,0,0,0,1,1
102208317,70000,2024-06-18,11,1,3,0,0,0,1,2
102208379,115000,2024-06-18,11,1,1,0,0,0,1,2
97209558,170000,2024-04-17,11,1,2,0,1,0,1,2
97211714,310000,2024-04-17,11,2,2,0,0,0,1,1
97212753,300000,2024-04-17,11,2,2,0,0,0,1,1
102557370,220000,2024-06-24,11,1,2,0,0,0,1,1
101872138,48000,2024-06-13,11,1,3,0,0,0,2,1
101873832,150000,2024-06-13,11,1,2,0,0,0,1,1
101874562,85000,2024-06-13,11,1,3,0,0,0,1,1
101875804,120000,2024-06-13,11,1,1,0,1,0,1,2
101875992,150000,2024-06-13,11,1,1,0,0,0,1,2
98832611,170000,2024-05-14,11,2,1,0,0,0,1,2
98567301,500000,2024-05-14,11,1,3,0,0,0,1,8
98833903,100000,2024-05-14,11,2,1,0,0,0,1,2
95979725,65000,2024-04-08,11,1,1,0,0,0,1,2
96131776,250000,2024-04-09,11,1,3,0,0,0,1,1
96020015,600000,2024-04-09,11,3,3,0,0,0,1,1
98439816,150000,2024-05-06,11,1,1,0,0,0,1,2
98440380,100000,2024-05-06,11,1,1,0,0,0,1,1
101655263,85000,2024-06-10,11,1,1,0,0,0,1,2
101658456,180000,2024-06-10,11,1,2,0,0,0,1,1
98188739,41000,2024-05-02,11,1,2,0,0,0,1,1
102117004,150000,2024-06-17,11,1,1,0,0,0,1,1
102117981,90000,2024-06-17,11,2,1,0,0,0,1,1
102307658,156600,2024-06-20,11,2,1,0,0,0,1,1
102310370,300000,2024-06-20,11,1,2,0,0,0,3,1
102311200,300000,2024-06-20,11,2,2,0,0,0,1,1
101349195,150000,2024-06-05,11,1,1,0,0,0,1,1
99141352,100000,2024-05-16,11,1,1,0,0,0,1,2
99141418,80000,2024-05-16,11,1,1,0,0,0,1,1
99142243,50000,2024-05-16,11,1,3,0,0,0,1,1
96345339,150000,2024-04-07,11,2,1,0,0,0,1,2
96350240,200000,2024-04-07,11,1,2,0,0,0,1,1
96351546,240000,2024-04-07,11,1,1,0,0,0,1,1
96351713,50000,2024-04-07,11,2,3,0,0,0,2,2
98550432,220000,2024-05-07,11,3,1,0,0,0,1,1
98550903,150000,2024-05-07,11,1,1,0,0,0,1,1
98551020,200000,2024-05-07,11,1,2,0,0,0,1,1
98551299,50000,2024-05-07,11,2,1,0,0,0,1,1
98551353,91500,2024-05-07,11,1,1,0,0,0,1,1
98553115,40000,2024-05-07,11,1,1,0,0,0,1,1
98553479,350000,2024-05-07,11,1,1,0,0,0,1,1
99005868,140000,2024-05-15,11,1,1,0,0,0,1,1
99008115,170000,2024-05-15,11,1,2,0,0,0,1,1
99010045,110000,2024-05-15,11,1,1,0,0,0,1,1
100095910,200000,2024-05-24,11,1,1,0,0,0,1,2
100096072,200000,2024-05-24,11,1,1,0,0,0,1,1
100097008,200000,2024-05-25,11,1,2,0,0,0,1,1
100097303,120000,2024-05-25,11,1,1,0,0,0,1,1
100099105,200000,2024-05-25,11,1,2,0,0,0,1,1
98568434,300000,2024-05-14,11,1,3,0,0,0,1,2
98842756,60000,2024-05-14,11,1,1,0,0,0,1,1
96646476,220000,2024-04-11,11,2,2,0,0,0,1,1
96651831,200000,2024-04-11,11,2,1,0,0,0,1,1
96655230,100000,2024-04-11,11,2,1,0,0,0,1,2
102561154,100000,2024-06-24,11,1,3,0,0,0,1,2
101779848,110000,2024-06-12,11,2,1,1,0,0,1,2
101262149,300000,2024-06-04,11,2,2,0,0,0,1,1
101263467,150000,2024-06-04,11,1,1,0,0,0,1,1
101264607,54000,2024-06-04,11,1,1,0,0,0,1,1
101660902,50000,2024-06-11,11,1,3,0,0,0,1,1
101661009,160000,2024-06-11,11,1,3,0,0,0,1,1
101662331,80000,2024-06-11,11,1,1,0,0,0,1,1
102211646,100000,2024-06-18,11,2,2,0,0,0,1,8
102212425,250000,2024-06-19,11,3,2,0,0,0,1,1
100450952,150000,2024-05-28,11,1,3,0,0,0,1,2
100452761,136133,2024-05-28,11,1,1,0,0,0,1,1
100454609,130000,2024-05-28,11,1,1,0,0,0,1,2
96500353,80000,2024-04-09,11,2,1,0,0,0,1,8
96501891,250000,2024-04-09,11,2,4,0,0,0,1,1
96504658,100000,2024-04-09,11,2,1,0,0,0,1,2
101123475,200000,2024-06-03,11,2,1,0,0,0,1,2
99703457,90000,2024-05-21,11,1,1,0,0,0,1,1
99706249,60000,2024-05-21,11,2,1,1,0,0,1,2
96366220,150000,2024-04-08,11,2,1,1,1,0,1,1
101434565,200000,2024-06-06,11,1,1,0,0,0,1,1
101436228,60000,2024-06-06,11,2,1,0,0,0,1,2
101436678,250000,2024-06-06,11,2,2,0,0,0,1,1
100844744,180000,2024-06-01,11,1,2,0,0,0,1,2
100845209,93500,2024-06-01,11,1,1,0,0,0,1,1
100847715,60000,2024-06-01,11,1,3,0,0,0,2,1
100853493,150000,2024-06-01,11,1,2,0,0,0,1,2
100853508,90000,2024-06-01,11,1,3,0,0,0,1,1
100859988,80000,2024-06-01,11,2,1,0,0,0,1,1
100860960,120000,2024-06-01,11,1,1,0,0,0,1,1
101522787,350000,2024-06-08,11,2,1,0,0,0,1,2
101522978,60000,2024-06-08,11,1,3,0,0,0,1,1
101523361,145000,2024-06-08,11,2,2,0,1,0,3,1
101524246,160000,2024-06-08,11,2,1,0,0,0,1,2
101525045,90000,2024-06-08,11,1,1,0,0,0,1,2
101525766,120000,2024-06-08,11,1,1,0,0,0,1,2
101525884,80500,2024-06-08,11,1,3,0,0,0,1,1
101525886,100000,2024-06-08,11,1,1,0,0,0,1,2
101526410,70000,2024-06-08,11,1,3,0,0,0,1,1
97406099,90000,2024-04-19,11,4,3,0,0,0,1,1
97407348,80000,2024-04-19,11,1,1,0,0,0,1,2
97407556,130000,2024-04-19,11,1,2,0,0,0,1,2
97029801,160000,2024-04-15,11,1,2,0,0,0,1,1
97030022,140000,2024-04-15,11,1,2,0,0,0,1,1
97031727,200000,2024-04-15,11,1,1,0,0,0,1,1
97032240,70000,2024-04-15,11,3,2,0,0,0,3,1
99945293,200000,2024-05-29,11,1,2,0,0,0,1,1
99945777,200000,2024-05-29,11,1,2,0,0,0,1,1
100597470,100000,2024-05-29,11,1,1,0,0,0,1,1
100599036,250000,2024-05-29,11,2,2,0,0,0,1,1
99947113,200000,2024-05-29,11,1,2,0,0,0,1,1
100599199,100000,2024-05-29,11,1,2,0,0,0,1,2
97804235,170000,2024-04-24,11,2,2,0,0,0,1,1
97805770,115000,2024-04-24,11,1,1,0,0,0,1,1
97806884,100000,2024-04-24,11,1,1,0,0,0,1,1
97632224,150000,2024-04-22,11,1,1,0,1,0,1,1
97633235,80000,2024-04-22,11,1,3,0,0,0,1,1
97634246,120000,2024-04-22,11,1,1,0,0,0,1,1
97634687,80000,2024-04-22,11,1,2,0,0,0,1,2
102027460,130000,2024-06-17,11,2,3,0,0,0,1,2
99921203,120000,2024-05-23,11,1,2,0,0,0,1,1
101840442,50000,2024-06-14,11,3,3,0,0,0,2,1
101878086,130000,2024-06-14,11,1,1,0,0,0,1,1
101879023,50000,2024-06-14,11,1,3,0,0,0,1,1
101879873,45000,2024-06-14,11,1,3,0,0,0,1,1
101880289,335000,2024-06-14,11,1,2,0,0,0,1,1
99537925,200000,2024-05-20,11,2,1,0,0,0,1,1
99539156,200000,2024-05-20,11,1,2,0,0,0,1,1
99541468,250000,2024-05-20,11,2,2,0,0,0,1,1
101663070,240000,2024-06-11,11,1,1,0,0,0,1,1
101663362,120000,2024-06-11,11,1,1,0,0,0,1,1
101663439,160000,2024-06-11,11,1,1,0,0,0,1,8
101663526,100000,2024-06-11,11,1,1,0,0,0,1,1
101663598,200000,2024-06-11,11,3,1,0,0,0,1,1
101663889,80000,2024-06-11,11,1,1,0,0,0,1,2
97214762,200000,2024-04-17,11,1,3,0,0,0,1,2
97217900,345000,2024-04-17,11,1,2,0,0,0,1,1
97218119,150000,2024-04-17,11,1,1,0,0,0,1,1
98851584,150000,2024-05-14,11,1,1,0,0,0,1,1
101350899,100000,2024-06-05,11,1,1,0,0,0,1,2
101351991,70000,2024-06-05,11,1,2,0,0,0,1,1
101352050,150000,2024-06-05,11,2,2,0,0,0,4,1
98736635,160000,2024-05-13,11,1,3,1,0,0,1,1
96792268,200000,2024-04-12,11,1,1,0,0,0,1,2
96794881,180000,2024-04-12,11,1,1,0,0,0,1,1
96795785,300000,2024-04-12,11,2,2,0,0,0,1,1
101265007,46000,2024-06-04,11,1,3,0,1,0,2,1
101265059,130000,2024-06-04,11,1,1,0,0,0,1,1
101265727,54000,2024-06-04,11,1,1,0,0,0,1,1
101267114,80000,2024-06-04,11,1,2,0,0,0,1,8
98443982,150000,2024-05-06,11,1,1,0,0,0,1,2
98445355,200000,2024-05-06,11,1,2,0,0,0,1,2
99149324,200000,2024-05-16,11,2,2,1,0,0,1,8
98857701,50000,2024-05-14,11,2,1,0,0,0,1,2
99289847,130000,2024-05-17,11,1,2,0,0,0,1,1
99291183,230000,2024-05-17,11,2,2,0,0,0,1,2
99292874,50000,2024-05-17,11,1,1,0,0,0,1,1
102411624,250000,2024-06-21,11,1,2,0,0,0,1,1
101786150,140000,2024-06-12,11,1,1,0,0,0,1,2
101787696,200000,2024-06-12,11,1,1,0,0,0,1,1
100868660,250000,2024-06-01,11,1,2,0,0,0,1,2
100896248,80000,2024-06-01,11,1,1,0,0,0,1,1
99012024,250000,2024-05-15,11,2,2,0,0,0,1,1
99012692,45000,2024-05-15,11,2,1,0,0,0,1,1
99013441,90000,2024-05-15,11,1,1,0,0,0,1,1
99013857,150000,2024-05-15,11,1,1,0,0,0,1,1
99014845,200000,2024-05-15,11,1,1,0,0,0,1,1
99014848,92000,2024-05-15,11,1,1,0,0,0,1,1
101529625,100000,2024-06-08,11,1,3,0,0,0,1,2
101531537,80000,2024-06-08,11,1,3,0,0,0,1,1
102035529,250000,2024-06-17,11,2,2,0,0,0,1,1
102035915,250000,2024-06-17,11,2,1,0,0,0,1,1
102561599,100000,2024-06-24,11,1,1,0,0,0,1,1
102562849,150000,2024-06-24,11,1,1,0,0,0,1,1
102563922,240000,2024-06-24,11,2,2,0,1,0,1,1
98554151,150000,2024-05-07,11,1,1,0,0,0,1,2
98556349,108000,2024-05-07,11,1,1,0,0,0,1,8
98556392,75000,2024-05-07,11,1,3,0,0,0,1,1
98556777,200000,2024-05-07,11,4,2,0,0,0,1,1
102121269,130000,2024-06-17,11,1,1,0,0,0,1,2
102121597,120000,2024-06-17,11,1,1,0,0,0,1,1
102122771,100000,2024-06-17,11,1,1,0,0,0,1,1
102123398,80000,2024-06-18,11,2,1,0,0,0,1,8
100107875,100000,2024-05-25,11,1,1,0,0,0,1,1
100119249,220000,2024-05-25,11,1,1,0,0,0,1,1
100458475,75000,2024-05-28,11,1,1,0,0,0,1,2
100458775,80000,2024-05-28,11,1,3,0,0,0,1,2
100460586,140000,2024-05-28,11,1,1,0,0,0,1,1
96681819,500000,2024-04-11,11,2,2,0,0,0,1,2
100905754,200000,2024-06-01,11,1,1,0,0,0,1,1
101126350,140000,2024-06-03,11,1,2,0,0,0,1,1
100601479,45000,2024-05-29,11,2,3,1,0,0,1,2
100603936,100000,2024-05-29,11,1,2,0,0,0,1,8
100604551,400000,2024-05-29,11,1,2,0,0,0,1,1
100604779,75000,2024-05-29,11,1,1,0,0,0,1,2
97219373,100000,2024-04-17,11,1,1,0,0,0,1,2
99708196,180000,2024-05-21,11,1,1,0,0,0,1,1
99708437,120000,2024-05-21,11,1,1,0,0,0,1,2
97411369,60000,2024-04-19,11,1,1,0,0,0,1,1
97413197,150000,2024-04-19,11,3,2,0,0,0,1,2
102214375,300000,2024-06-19,11,1,1,0,0,0,1,2
102215590,50000,2024-06-19,11,2,1,0,0,0,1,2
102218731,450000,2024-06-19,11,1,2,0,0,0,1,2
102219046,150000,2024-06-19,11,1,2,0,0,0,1,1
102219465,150000,2024-06-19,11,1,1,0,0,0,1,1
101269472,120000,2024-06-04,11,1,1,0,0,0,1,1
101270017,150000,2024-06-04,11,1,1,0,0,0,1,1
101270122,339000,2024-06-04,11,1,2,0,0,0,1,2
101270146,190000,2024-06-04,11,1,2,0,0,0,1,2
101271074,200000,2024-06-04,11,2,1,0,0,0,1,1
101438261,150000,2024-06-06,11,2,2,0,0,0,1,1
96505501,80000,2024-04-09,11,1,1,0,0,0,1,1
96505706,70000,2024-04-09,11,1,3,0,0,0,1,1
96506187,120000,2024-04-09,11,1,1,0,0,0,1,1
96509481,70000,2024-04-09,11,1,3,0,0,0,2,1
96510613,90000,2024-04-09,11,1,1,0,0,0,1,1
98450110,100000,2024-05-06,11,1,1,0,0,0,3,2
98450481,136000,2024-05-06,11,1,1,0,0,0,1,1
99294883,70000,2024-05-17,11,1,1,0,0,0,1,2
99296435,90000,2024-05-17,11,1,1,0,0,0,1,1
99297850,130000,2024-05-17,11,1,1,0,0,0,1,1
97034531,100000,2024-04-15,11,1,3,0,0,0,1,2
97035435,60000,2024-04-15,11,2,1,0,0,0,1,1
97037471,100000,2024-04-16,11,1,1,0,0,0,1,1
97038782,350000,2024-04-16,11,1,2,0,0,0,1,1
97039054,120000,2024-04-16,11,3,2,0,0,0,1,1
99153484,50000,2024-05-16,11,1,3,0,0,0,1,1
99153847,127000,2024-05-16,11,2,1,0,0,0,1,1
99155533,107000,2024-05-16,11,1,1,0,0,0,1,1
97639143,100000,2024-04-22,11,1,1,0,0,0,1,1
99924257,90000,2024-05-23,11,2,2,0,0,0,1,1
99926263,75000,2024-05-23,11,2,1,0,0,0,1,2
101525777,150000,2024-06-14,11,1,3,0,0,0,1,1
101882794,270000,2024-06-14,11,1,2,0,0,0,1,1
101883721,165000,2024-06-14,11,2,1,0,0,0,1,2
99016405,100000,2024-05-15,11,1,3,0,0,0,1,1
99018436,180000,2024-05-15,11,3,1,0,0,0,1,1
99019352,160000,2024-05-15,11,1,2,0,0,0,1,1
99545746,200000,2024-05-20,11,1,1,0,0,0,1,2
101789252,300000,2024-06-12,11,2,1,0,0,0,1,8
101792270,500000,2024-06-12,11,2,4,0,0,0,1,1
101794605,250000,2024-06-12,11,2,2,0,0,0,1,1
102412848,100000,2024-06-21,11,2,3,0,0,0,1,1
101551070,50000,2024-06-08,11,1,3,0,0,0,1,1
101552095,300000,2024-06-08,11,2,2,0,0,0,1,1
102049829,55407,2024-06-17,11,1,3,0,0,0,1,1
97812964,40000,2024-04-24,11,2,3,0,0,0,1,1
98559143,20000,2024-05-07,11,2,3,0,0,0,1,2
98560454,55000,2024-05-07,11,1,3,0,1,0,2,8
96382530,100000,2024-04-08,11,1,1,0,0,0,1,2
101673688,60000,2024-06-11,11,2,1,0,0,0,1,2
101676481,180000,2024-06-11,11,1,2,0,0,0,1,2
98202241,150000,2024-05-02,11,1,1,0,0,0,1,1
96799203,350000,2024-04-12,11,1,1,0,0,0,1,8
96800785,180000,2024-04-12,11,1,2,0,0,0,1,1
96802140,270000,2024-04-12,11,1,2,0,0,0,1,1
102125837,300000,2024-06-18,11,1,1,0,0,0,1,1
102127242,200000,2024-06-18,11,1,1,0,0,0,1,1
102127752,550000,2024-06-18,11,1,4,0,0,0,1,1
102128256,150000,2024-06-18,11,2,2,0,0,0,1,1
102128845,200000,2024-06-18,11,1,1,0,0,0,1,8
102129335,270000,2024-06-18,11,1,2,0,0,0,1,1
96685358,80000,2024-04-11,11,2,1,0,0,0,1,2
96686578,320000,2024-04-11,11,1,2,0,0,0,1,1
96687128,350000,2024-04-11,11,1,2,0,0,0,1,1
96687252,200000,2024-04-11,11,1,2,0,0,0,1,1
96687430,170000,2024-04-11,11,2,1,0,0,0,1,1
101130152,300000,2024-06-03,11,1,2,0,0,0,1,1
101131120,60000,2024-06-03,11,1,1,0,0,0,1,1
101132540,250000,2024-06-03,11,1,1,0,0,0,1,1
101132908,50000,2024-06-03,11,2,3,0,0,0,1,1
101356749,60000,2024-06-05,11,1,1,0,0,0,1,1
101357523,120000,2024-06-05,11,1,1,0,0,0,1,1
101357764,80000,2024-06-05,11,1,1,0,0,0,1,2
100152507,60000,2024-05-25,11,1,1,0,0,0,3,2
100157378,100000,2024-05-25,11,2,1,0,0,0,1,2
102222041,290000,2024-06-19,11,1,1,0,0,0,1,2
102222287,300000,2024-06-19,11,2,2,0,0,0,1,1
97415121,120000,2024-04-19,11,1,1,0,0,0,1,1
97418759,150000,2024-04-19,11,1,1,0,1,0,1,1
97419604,80000,2024-04-19,11,1,1,0,1,0,1,1
98313134,180000,2024-05-03,11,3,1,0,0,0,1,1
98314089,400000,2024-05-03,11,1,1,0,0,0,1,2
98315547,120000,2024-05-03,11,1,2,0,0,0,1,2
98315799,250000,2024-05-03,11,1,2,0,0,0,1,1
98316343,250000,2024-05-03,11,1,1,0,0,0,1,1
101442775,250000,2024-06-06,11,1,2,0,0,0,1,1
101443486,150000,2024-06-06,11,1,2,0,0,0,1,2
100608795,50000,2024-05-29,11,1,1,0,0,0,1,8
100609266,75000,2024-05-29,11,3,1,0,0,0,1,1
100612036,68000,2024-05-29,11,4,1,0,0,0,1,1
98889708,370000,2024-05-14,11,2,2,0,0,0,1,1
98891016,175000,2024-05-14,11,1,2,0,0,0,1,1
98892059,200000,2024-05-14,11,1,1,0,0,0,1,1
98892334,60000,2024-05-14,11,2,3,0,0,0,1,1
98892984,108000,2024-05-14,11,1,1,0,0,0,1,2
98893225,100000,2024-05-14,11,2,1,0,0,0,1,2
98893836,350000,2024-05-14,11,1,1,0,0,0,1,1
96509641,200000,2024-04-09,11,1,4,0,1,0,1,1
96514231,100000,2024-04-09,11,1,2,0,0,0,1,1
96514526,200000,2024-04-09,11,1,2,0,0,0,1,1
96514636,220000,2024-04-09,11,1,1,0,0,0,1,1
101272192,90000,2024-06-04,11,1,1,0,0,0,1,1
101272377,250000,2024-06-04,11,1,1,0,0,0,1,1
101272510,131000,2024-06-04,11,1,3,0,0,0,1,1
101274312,60000,2024-06-04,11,1,1,0,0,0,1,1
101274335,50000,2024-06-04,11,1,1,0,0,0,1,1
97225708,160000,2024-04-17,11,1,4,0,0,0,1,2
97230273,60000,2024-04-17,11,1,1,0,0,0,1,2
99714655,67000,2024-05-21,11,3,3,0,0,0,2,8
99717443,120000,2024-05-21,11,1,1,0,0,0,1,1
101891050,60000,2024-06-14,11,2,1,0,0,0,1,8
99300934,180000,2024-05-17,11,1,2,0,0,0,1,1
99302129,25000,2024-05-17,11,2,3,0,1,0,2,1
99302180,120000,2024-05-17,11,2,1,0,0,0,1,2
99302378,90000,2024-05-17,11,2,1,0,0,0,1,2
99303251,80000,2024-05-17,11,1,1,0,0,0,1,1
99303313,100000,2024-05-17,11,1,2,0,0,0,1,1
99303360,90000,2024-05-17,11,2,2,0,0,0,1,2
99157002,140000,2024-05-16,11,1,1,0,0,0,1,1
99157612,120000,2024-05-16,11,1,1,0,0,0,1,1
99158562,120000,2024-05-16,11,1,1,0,0,0,1,2
99159113,100000,2024-05-16,11,1,1,0,0,0,1,2
97643462,90000,2024-04-22,11,1,1,0,0,0,1,1
97644178,90000,2024-04-22,11,2,1,0,0,0,1,1
97646600,150000,2024-04-23,11,1,1,0,0,0,1,1
97041395,180000,2024-04-16,11,1,2,0,0,0,1,2
97042274,40000,2024-04-16,11,2,1,1,0,0,1,8
97043388,150000,2024-04-16,11,1,1,0,1,0,1,1
97043505,150000,2024-04-16,11,2,1,0,0,0,1,1
97044338,250000,2024-04-16,11,1,2,0,0,0,1,1
97044347,170000,2024-04-16,11,2,1,1,0,0,1,1
97045751,180000,2024-04-16,11,1,2,0,0,0,1,1
97047093,110000,2024-04-16,11,2,1,0,0,0,1,2
97048970,150000,2024-04-16,11,2,2,0,0,0,1,2
99930017,120000,2024-05-23,11,2,1,0,0,0,1,1
99930275,220000,2024-05-23,11,1,2,0,0,0,1,1
101796159,120000,2024-06-13,11,2,1,0,0,0,1,1
101798464,45000,2024-06-13,11,1,3,0,0,0,1,1
101800862,150000,2024-06-13,11,1,3,0,0,0,1,1
99021065,300000,2024-05-15,11,1,2,0,0,0,1,1
99021799,250000,2024-05-15,11,1,2,0,0,0,1,1
99549491,70000,2024-05-20,11,1,3,0,1,0,1,1
101295845,400000,2024-06-11,11,1,3,0,0,0,1,1
101295877,500000,2024-06-11,11,1,3,0,0,0,1,8
101682008,80000,2024-06-11,11,2,3,0,0,0,1,1
101556779,150000,2024-06-09,11,1,2,0,0,0,1,8
102055357,200000,2024-06-17,11,2,1,0,0,0,1,1
97814959,150000,2024-04-24,11,1,2,0,0,0,1,2
97815556,120000,2024-04-24,11,1,1,0,0,0,1,1
97816582,200000,2024-04-24,11,2,2,0,0,0,1,1
97816933,60000,2024-04-24,11,1,3,0,0,0,1,1
97817802,180000,2024-04-24,11,1,4,0,0,0,1,1
97818499,65000,2024-04-24,11,1,3,0,0,0,1,1
98563938,90000,2024-05-08,11,1,1,0,0,0,1,1
102567735,150000,2024-06-24,11,1,1,0,0,0,4,2
101136278,170000,2024-06-03,11,3,2,0,0,0,3,1
101136847,85000,2024-06-03,11,1,3,0,0,0,1,1
101138369,70000,2024-06-03,11,2,1,0,0,0,1,1
97422073,200000,2024-04-19,11,1,2,0,0,0,1,1
97422646,350000,2024-04-19,11,1,1,0,0,0,1,1
97422985,100000,2024-04-19,11,2,1,0,0,0,1,1
97423825,120000,2024-04-19,11,1,2,0,0,0,1,1
96386911,250000,2024-04-08,11,1,1,0,0,0,1,2
96386970,180000,2024-04-08,11,2,1,0,0,0,1,1
96387652,180000,2024-04-08,11,2,1,0,0,0,1,1
96804045,75000,2024-04-12,11,1,3,0,0,0,1,1
96806533,300000,2024-04-12,11,2,2,0,0,0,1,1
96806574,110000,2024-04-12,11,1,1,0,0,0,1,1
96808046,120000,2024-04-12,11,1,4,0,0,0,1,2
96808625,95000,2024-04-12,11,2,1,0,0,0,1,1
96808836,88000,2024-04-12,11,3,3,0,0,0,2,1
102327303,250000,2024-06-20,11,2,2,0,0,0,1,1
102130065,15000,2024-06-18,11,1,3,0,0,0,2,1
102131888,320000,2024-06-18,11,2,2,0,0,0,1,1
102133404,200000,2024-06-18,11,1,2,0,0,0,1,1
102133490,300000,2024-06-18,11,1,2,0,0,0,1,1
102133591,70000,2024-06-18,11,1,3,0,0,0,1,1
101763586,550000,2024-06-18,11,3,3,0,0,0,1,1
101766349,600000,2024-06-18,11,3,3,0,0,0,1,2
98208684,90000,2024-05-02,11,1,3,0,0,0,1,8
100466845,100000,2024-05-28,11,1,1,0,0,0,1,1
100469984,250000,2024-05-28,11,2,1,0,0,0,1,1
100470150,50000,2024-05-28,11,1,1,0,0,0,1,1
100470199,200000,2024-05-28,11,1,1,0,0,0,1,1
96689922,100000,2024-04-11,11,1,1,0,0,0,1,1
96693886,90000,2024-04-11,11,1,1,0,0,0,1,1
101358645,200000,2024-06-05,11,1,2,0,0,0,1,2
101360280,60000,2024-06-05,11,2,1,0,0,0,1,1
101444696,40000,2024-06-06,11,1,3,0,0,0,2,1
101447218,200000,2024-06-07,11,1,2,0,0,0,1,1
100219170,150000,2024-05-26,11,1,1,0,0,0,1,2
100226695,200000,2024-05-26,11,2,2,0,0,0,1,1
100240661,200000,2024-05-27,11,1,2,0,0,0,1,1
100248731,140000,2024-05-27,11,2,2,0,0,0,1,1
101275211,85730,2024-06-04,11,1,3,0,0,0,1,1
100614892,130000,2024-05-29,11,2,1,0,0,0,1,1
100616262,200000,2024-05-29,11,1,2,0,0,0,1,2
100616682,100000,2024-05-29,11,1,1,0,0,0,1,2
100617477,200000,2024-05-29,11,1,2,0,0,0,1,2
99306102,80000,2024-05-17,11,1,3,0,0,0,1,1
97234222,25000,2024-04-17,11,2,3,0,1,0,2,1
97234299,25000,2024-04-17,11,2,3,0,1,0,2,1
97236074,250000,2024-04-17,11,1,2,0,0,0,1,1
96516494,100000,2024-04-09,11,1,1,0,0,0,1,1
96516807,150000,2024-04-09,11,2,1,0,0,0,1,1
101580237,30000,2024-06-09,11,2,1,0,0,0,1,2
97650127,150000,2024-04-23,11,1,1,0,0,0,1,2
97641631,73000,2024-04-23,11,1,3,0,0,0,2,1
97652047,300000,2024-04-23,11,1,1,0,0,0,1,1
97653765,172000,2024-04-23,11,1,1,0,0,0,1,1
97655009,75000,2024-04-23,11,1,3,0,0,0,1,1
101689279,40000,2024-06-11,11,1,1,0,0,0,1,2
101689998,250000,2024-06-11,11,1,1,0,0,0,1,1
98897399,152000,2024-05-14,11,1,1,0,0,0,1,1
99721127,80000,2024-05-21,11,2,1,0,0,0,1,2
99725909,350000,2024-05-21,11,1,2,0,0,0,1,1
99726125,180000,2024-05-21,11,1,1,0,0,0,1,1
102418948,100000,2024-06-21,11,1,1,0,0,0,1,1
102420528,90000,2024-06-21,11,2,3,1,0,0,1,1
102420585,100000,2024-06-21,11,1,1,0,0,0,1,2
102421041,100000,2024-06-21,11,1,3,0,0,0,1,1
102421695,150000,2024-06-21,11,2,1,1,0,0,1,2
99934510,100000,2024-05-23,11,1,1,0,0,0,1,1
97056704,70000,2024-04-16,11,1,3,0,0,0,1,1
97067153,100000,2024-04-16,11,2,1,0,0,0,1,1
102569731,120000,2024-06-24,11,3,1,0,0,0,1,2
99555973,200000,2024-05-20,11,1,1,0,0,0,1,1
99556375,92000,2024-05-20,11,1,3,0,0,0,1,1
97818925,100000,2024-04-24,11,1,1,0,0,0,1,1
97820452,160000,2024-04-24,11,2,2,0,0,0,1,1
97824455,200000,2024-04-24,11,1,1,0,0,0,1,1
99163003,120000,2024-05-16,11,2,1,0,0,0,1,1
99164541,250000,2024-05-16,11,1,2,0,0,0,1,1
98565994,150000,2024-05-08,11,3,1,0,0,0,1,1
98567024,50000,2024-05-08,11,1,3,0,0,0,1,1
98569677,65000,2024-05-08,11,1,1,0,0,0,1,1
98456768,83319,2024-05-06,11,1,1,0,0,0,1,1
98458839,150000,2024-05-06,11,2,1,0,0,0,1,1
98458932,120000,2024-05-06,11,1,1,0,0,0,1,1
98459037,160000,2024-05-06,11,1,1,0,0,0,1,2
100977073,190000,2024-06-02,11,3,2,0,0,0,1,1
101004727,200000,2024-06-03,11,1,2,0,0,0,1,1
101140125,153000,2024-06-03,11,1,2,0,0,0,1,2
99026691,60000,2024-05-15,11,1,1,0,0,0,1,1
99026885,150000,2024-05-15,11,1,2,0,0,0,1,1
99029281,150000,2024-05-15,11,1,2,0,0,0,1,1
96389716,250000,2024-04-08,11,2,1,0,0,0,1,1
96389745,150000,2024-04-08,11,1,2,0,0,0,1,1
96390763,55000,2024-04-08,11,1,1,0,0,0,1,1
102329976,150000,2024-06-20,11,1,1,0,0,0,1,2
101362088,150000,2024-06-05,11,1,1,0,0,0,1,2
101366130,500000,2024-06-06,11,2,4,0,0,0,1,1
97429720,300000,2024-04-19,11,2,2,0,0,0,4,1
97429885,350000,2024-04-19,11,2,2,0,0,0,4,1
97429971,150000,2024-04-19,11,1,2,0,0,0,1,1
97430595,120000,2024-04-19,11,2,3,0,0,0,1,1
97430654,180000,2024-04-19,11,1,1,0,0,0,1,2
96697360,180000,2024-04-11,11,2,1,0,0,0,1,1
101902836,60000,2024-06-14,11,3,1,0,0,0,1,2
101903040,70000,2024-06-14,11,2,3,0,0,0,1,2
101903170,220000,2024-06-14,11,2,2,0,0,0,1,1
101904267,200000,2024-06-14,11,1,2,0,0,0,1,1
98212424,200000,2024-05-02,11,1,1,0,0,0,1,1
98213243,92000,2024-05-02,11,1,1,0,0,0,1,2
97656683,50000,2024-04-23,11,1,1,0,0,0,3,2
97657030,160000,2024-04-23,11,2,1,0,0,0,1,1
97657447,40000,2024-04-23,11,2,1,0,0,0,1,2
97658465,120000,2024-04-23,11,1,3,0,0,0,1,1
97664529,170000,2024-04-23,11,2,2,0,0,0,1,1
96810664,200000,2024-04-12,11,1,1,0,0,0,1,1
96812389,60000,2024-04-12,11,1,1,0,0,0,1,1
96813062,100000,2024-04-12,11,1,1,0,0,0,1,1
96814395,120000,2024-04-12,11,1,1,0,0,0,1,1
100470827,55000,2024-05-28,11,1,3,0,1,0,2,1
100471703,170000,2024-05-28,11,2,1,0,1,0,1,8
101693665,300000,2024-06-11,11,2,2,0,0,0,1,1
101694949,85000,2024-06-11,11,1,1,0,0,0,1,1
101279237,40000,2024-06-04,11,1,3,0,0,0,1,2
101280094,150000,2024-06-04,11,1,1,0,0,0,1,1
101280688,80000,2024-06-04,11,1,3,0,0,0,1,1
101448630,70000,2024-06-07,11,1,1,0,0,0,1,1
101448766,130000,2024-06-07,11,1,1,0,1,0,1,1
101452007,95000,2024-06-07,11,1,1,0,0,0,1,1
101452013,80000,2024-06-07,11,2,1,0,0,0,1,2
102572926,100000,2024-06-24,11,1,1,0,0,0,1,1
102573044,250000,2024-06-24,11,2,2,0,0,0,1,1
98321742,300000,2024-05-03,11,1,1,0,0,0,1,1
98321886,250000,2024-05-03,11,2,2,0,0,0,1,1
98899543,105000,2024-05-14,11,1,1,0,0,0,1,1
98901054,120000,2024-05-14,11,1,1,0,0,0,1,1
98901058,335000,2024-05-14,11,1,2,0,0,0,1,1
98901937,150000,2024-05-14,11,1,1,0,0,0,1,1
98902375,350000,2024-05-14,11,3,2,0,0,0,1,1
98902430,350000,2024-05-14,11,1,2,0,0,0,1,1
96521793,80000,2024-04-09,11,1,1,0,0,0,1,1
96522768,160000,2024-04-09,11,2,1,0,0,0,1,1
96523772,260000,2024-04-09,11,2,4,0,0,0,1,2
96525765,120000,2024-04-09,11,2,1,0,0,0,1,1
96525997,80000,2024-04-09,11,2,3,0,0,0,1,1
96526298,100000,2024-04-09,11,1,1,0,0,0,1,1
102242007,420000,2024-06-19,11,1,2,0,0,0,1,1
97075663,50000,2024-04-16,11,2,3,0,0,0,1,1
97075953,120000,2024-04-16,11,1,1,0,0,0,1,1
98572654,150000,2024-05-08,11,2,1,0,0,0,1,2
99313479,60000,2024-05-18,11,1,3,0,1,0,2,1
99313546,100000,2024-05-18,11,2,1,0,0,0,1,1
99313945,200000,2024-05-18,11,1,2,0,0,0,1,1
99314602,200000,2024-05-18,11,1,3,0,0,0,1,1
99943252,100000,2024-05-23,11,1,1,0,0,0,1,2
99943678,60000,2024-05-23,11,1,1,0,0,0,1,1
99944591,200000,2024-05-23,11,1,2,0,0,0,1,1
97236669,150000,2024-04-17,11,2,1,0,0,0,1,1
97236901,60000,2024-04-17,11,1,1,0,0,0,1,1
97237430,100000,2024-04-17,11,1,1,0,0,0,1,1
97238769,180999,2024-04-17,11,1,1,0,0,0,1,1
97239961,120000,2024-04-17,11,1,3,0,0,0,1,1
97240530,90000,2024-04-17,11,1,3,0,0,0,1,1
99728411,100000,2024-05-21,11,1,2,0,0,0,1,2
99728889,200000,2024-05-21,11,2,1,0,0,0,1,1
99730533,180000,2024-05-21,11,1,1,0,0,0,1,1
99730799,74450,2024-05-21,11,1,1,0,0,0,1,1
99733459,150000,2024-05-21,11,1,1,0,0,0,1,2
99733568,100000,2024-05-21,11,1,1,0,0,0,1,1
99166060,300000,2024-05-16,11,1,1,0,0,0,1,1
99166912,150000,2024-05-16,11,1,2,0,0,0,1,2
99167853,30000,2024-05-16,11,3,3,0,0,0,2,2
99167968,270000,2024-05-16,11,1,2,0,0,0,1,1
99168106,130000,2024-05-16,11,1,1,0,0,0,1,2
99168254,140000,2024-05-16,11,1,2,0,0,0,1,1
99168602,300000,2024-05-16,11,2,2,1,0,0,1,1
99168872,100000,2024-05-16,11,2,1,0,0,0,1,2
99171344,120000,2024-05-16,11,2,3,0,0,0,1,1
102060306,150000,2024-06-17,11,1,3,0,0,0,1,2
102061495,200000,2024-06-17,11,1,1,0,0,0,1,2
96700747,80000,2024-04-11,11,2,1,0,0,0,1,2
97432030,114750,2024-04-19,11,1,2,0,0,0,1,1
97432034,340000,2024-04-19,11,1,2,0,0,0,1,8
97433098,250000,2024-04-19,11,1,2,0,0,0,1,1
97433351,100000,2024-04-19,11,1,1,0,0,0,1,2
97436724,150000,2024-04-19,11,1,1,0,0,0,1,1
102333287,250000,2024-06-20,11,2,2,0,0,0,1,1
97824634,250000,2024-04-24,11,1,1,0,0,0,1,1
97824734,70000,2024-04-24,11,1,1,0,0,0,1,1
97825630,400000,2024-04-24,11,1,2,0,0,0,1,1
97827069,300000,2024-04-24,11,2,2,0,0,0,1,1
97827448,80000,2024-04-24,11,1,1,0,0,0,1,2
97827946,160000,2024-04-24,11,1,3,1,0,0,1,1
97829408,100000,2024-04-24,11,1,1,0,0,0,1,1
98463702,250000,2024-05-06,11,1,1,0,0,0,1,1
98762662,150000,2024-05-13,11,2,1,0,0,0,1,1
100286489,150000,2024-05-27,11,2,1,0,0,0,1,1
98579934,150000,2024-05-08,11,1,1,0,0,0,1,2
101282081,100000,2024-06-05,11,1,1,0,0,0,1,2
101282150,150000,2024-06-05,11,1,2,0,0,0,1,1
101283221,150000,2024-06-05,11,2,2,0,0,0,1,1
101283278,200000,2024-06-05,11,1,1,0,0,0,1,1
101283665,250000,2024-06-05,11,1,2,0,0,0,1,1
101284422,234000,2024-06-05,11,1,2,0,0,0,1,1
99559580,300000,2024-05-20,11,2,1,0,0,0,1,8
99560963,250000,2024-05-20,11,1,2,0,0,0,1,8
99563831,300000,2024-05-20,11,1,1,0,0,0,1,1
99031151,180000,2024-05-15,11,2,2,0,0,0,1,1
99032451,85000,2024-05-15,11,1,1,0,0,0,1,1
99033297,357000,2024-05-15,11,1,2,0,0,0,1,1
99033511,120000,2024-05-15,11,1,2,0,0,0,1,1
102574915,175000,2024-06-24,11,2,2,0,0,0,1,1
102575095,15000,2024-06-24,11,1,3,0,0,0,3,1
102576035,150000,2024-06-24,11,1,1,0,0,0,1,1
102577427,160000,2024-06-24,11,1,3,1,0,0,1,1
96393846,150000,2024-04-08,11,1,1,0,0,0,1,1
96396111,160000,2024-04-08,11,1,3,1,0,0,1,1
96396628,250000,2024-04-08,11,1,2,0,0,0,1,2
101366835,150000,2024-06-06,11,2,1,0,0,0,1,2
101367345,500000,2024-06-06,11,2,4,0,0,0,1,1
101367829,50000,2024-06-06,11,1,3,0,0,0,2,1
101368426,350000,2024-06-06,11,1,2,0,0,0,1,1
101368785,50000,2024-06-06,11,1,3,0,0,0,1,1
101371748,150000,2024-06-06,11,1,2,0,0,0,1,1
101144975,100000,2024-06-03,11,1,1,0,0,0,1,1
101145578,100000,2024-06-03,11,1,1,0,0,0,1,1
101145640,345000,2024-06-03,11,1,2,0,0,0,1,1
101146501,150000,2024-06-03,11,1,1,0,0,0,1,2
101148927,203000,2024-06-03,11,1,1,0,0,0,1,8
96817217,130000,2024-04-12,11,1,1,0,0,0,1,1
96818958,100000,2024-04-12,11,1,1,0,0,0,1,2
96822107,120000,2024-04-12,11,1,1,0,1,0,1,2
97681590,50000,2024-04-23,11,1,3,0,0,0,1,1
98214004,100000,2024-05-02,11,1,1,0,0,0,1,2
98214154,250000,2024-05-02,11,1,1,0,0,0,1,1
98217558,98000,2024-05-02,11,1,1,0,0,0,1,1
102243613,170000,2024-06-19,11,1,1,0,0,0,1,8
102245621,300000,2024-06-19,11,2,2,0,0,0,1,1
101455906,50000,2024-06-07,11,1,1,0,0,0,1,1
101603978,200000,2024-06-10,11,1,1,0,0,0,1,1
101604281,170000,2024-06-10,11,1,1,0,0,0,1,1
101604454,200000,2024-06-10,11,2,2,0,0,0,1,2
102067500,80000,2024-06-17,11,2,1,0,0,0,1,1
102425798,150000,2024-06-21,11,1,1,0,0,0,1,1
102426096,72000,2024-06-21,11,1,1,0,0,0,1,1
102427859,60000,2024-06-21,11,1,1,0,0,0,1,2
102428438,150000,2024-06-21,11,1,1,0,0,0,1,2
101822576,120000,2024-06-13,11,2,1,0,0,0,1,8
101822581,180000,2024-06-13,11,1,1,0,0,0,1,1
100479115,120000,2024-05-28,11,1,1,0,0,0,1,1
100480066,150000,2024-05-28,11,1,2,0,0,0,1,1
96530091,120000,2024-04-09,11,1,1,0,0,0,1,1
96532192,300000,2024-04-09,11,1,2,0,0,0,1,1
101377787,35000,2024-06-06,11,2,3,0,0,0,1,1
98325471,70000,2024-05-03,11,1,3,0,0,0,1,1
97244540,200000,2024-04-17,11,1,1,0,0,0,1,1
97244656,200000,2024-04-17,11,1,3,0,0,0,1,1
97245171,60000,2024-04-18,11,2,1,0,0,0,1,2
97252114,70000,2024-04-18,11,2,1,0,0,0,1,2
97084284,180000,2024-04-16,11,2,4,1,0,0,1,1
97084593,120000,2024-04-16,11,1,1,0,0,0,1,1
98906205,45000,2024-05-14,11,1,3,0,0,0,1,1
98906553,120000,2024-05-14,11,1,1,0,0,0,1,1
98907760,120000,2024-05-14,11,1,1,0,0,0,1,1
97437779,115000,2024-04-19,11,1,1,0,0,0,1,1
97440185,100000,2024-04-19,11,1,1,0,0,0,1,1
102157228,130000,2024-06-18,11,1,1,0,0,0,1,1
96705183,135000,2024-04-11,11,1,2,0,0,0,1,1
96706448,184000,2024-04-11,11,1,2,0,0,0,1,1
96707632,350000,2024-04-11,11,1,2,0,0,0,1,1
99171919,120000,2024-05-16,11,2,1,0,1,0,1,1
99173409,93000,2024-05-16,11,1,1,0,0,0,1,1
99174200,132000,2024-05-16,11,1,1,0,0,0,1,1
99175449,150000,2024-05-17,11,1,1,0,0,0,1,1
99175836,300000,2024-05-17,11,1,2,0,0,0,1,8
98766563,85000,2024-05-13,11,1,3,0,0,0,1,1
99035179,200000,2024-05-15,11,2,2,0,0,0,1,1
99037331,110000,2024-05-15,11,1,1,0,0,0,1,2
99038118,100000,2024-05-15,11,1,1,0,0,0,1,1
100298301,180000,2024-05-27,11,2,1,0,0,0,1,1
98464853,70000,2024-05-06,11,2,1,0,0,0,1,1
98465472,130000,2024-05-06,11,1,1,0,0,0,1,1
97830942,200000,2024-04-24,11,1,2,0,0,0,1,1
97831408,270000,2024-04-24,11,2,2,0,1,0,1,1
97831429,100000,2024-04-24,11,1,2,0,0,0,1,2
97834642,170000,2024-04-25,11,2,1,0,0,0,1,2
97834965,120000,2024-04-25,11,1,1,0,0,0,1,2
97834992,200000,2024-04-25,11,2,1,0,0,0,1,1
97835581,250000,2024-04-25,11,2,4,0,0,0,1,1
97835628,200000,2024-04-25,11,1,1,0,0,0,1,8
99735633,80000,2024-05-21,11,1,1,0,0,0,1,2
99744653,150000,2024-05-22,11,1,2,0,0,0,1,2
99945783,70000,2024-05-23,11,1,1,0,0,0,1,2
99949569,80000,2024-05-23,11,1,1,0,0,0,1,1
99950067,120000,2024-05-23,11,2,2,0,0,0,1,2
98587512,100000,2024-05-08,11,1,1,0,0,0,1,1
98589303,300000,2024-05-08,11,2,2,0,0,0,1,1
99563947,350000,2024-05-20,11,2,2,0,0,0,1,1
99565605,350000,2024-05-20,11,2,2,0,0,0,1,1
99568227,150000,2024-05-20,11,1,2,0,0,0,1,2
99568457,350000,2024-05-20,11,1,1,0,0,0,1,1
101286445,130000,2024-06-05,11,2,1,0,0,0,1,1
101286644,234000,2024-06-05,11,1,2,0,0,0,1,1
101287072,250000,2024-06-05,11,1,2,0,0,0,1,1
101288655,80000,2024-06-05,11,1,3,0,0,0,1,2
101288658,120000,2024-06-05,11,1,1,0,0,0,1,1
101288657,100000,2024-06-05,11,1,1,0,0,0,1,1
101290053,300000,2024-06-05,11,2,1,0,0,0,1,2
101290889,230000,2024-06-05,11,1,1,0,0,0,1,1
101291360,150000,2024-06-05,11,1,1,0,0,0,1,1
96399594,80000,2024-04-08,11,1,1,0,0,0,1,1
96399827,250000,2024-04-08,11,1,2,0,0,0,1,1
96402735,280000,2024-04-08,11,1,2,0,0,0,1,1
102335933,25000,2024-06-20,11,2,3,0,1,0,2,1
102336301,250000,2024-06-20,11,1,1,0,0,0,1,8
102337744,120000,2024-06-20,11,1,1,0,0,0,1,1
99322829,250000,2024-05-18,11,1,2,0,0,0,1,1
98219891,280000,2024-05-02,11,2,2,0,0,0,1,1
98220587,100000,2024-05-02,11,1,2,0,0,0,1,2
98220617,280000,2024-05-02,11,2,2,0,0,0,1,1
98220832,150000,2024-05-02,11,2,1,0,0,0,1,1
102428917,350000,2024-06-21,11,2,2,0,0,0,1,1
101383870,120000,2024-06-06,11,2,1,0,0,0,1,1
102246145,90000,2024-06-19,11,4,3,0,0,0,1,1
102249140,330000,2024-06-19,11,2,2,0,0,0,1,1
97443160,75000,2024-04-19,11,1,1,0,0,0,1,1
97443268,200000,2024-04-19,11,1,1,0,0,0,1,1
97690493,250000,2024-04-23,11,1,2,0,0,0,1,1
97691908,110000,2024-04-23,11,1,1,0,0,0,1,2
98330235,290000,2024-05-03,11,2,2,0,0,0,1,1
98331045,170000,2024-05-03,11,3,1,0,0,0,1,1
101150018,35000,2024-06-03,11,2,3,0,0,0,1,2
101152265,120000,2024-06-03,11,1,1,0,0,0,1,1
101154873,150000,2024-06-03,11,1,1,0,0,0,1,2
102070938,200000,2024-06-17,11,2,1,0,0,0,1,1
100626629,300000,2024-05-30,11,1,2,0,0,0,1,1
100632926,150000,2024-05-30,11,2,1,0,0,0,1,1
100632956,137000,2024-05-30,11,1,1,0,0,0,1,1
96823903,65000,2024-04-12,11,1,3,0,0,0,1,1
96825322,50000,2024-04-12,11,2,1,0,0,0,1,1
96829238,150000,2024-04-12,11,2,1,0,0,0,1,1
96536160,240000,2024-04-09,11,2,2,0,0,0,3,1
96537271,108000,2024-04-09,11,1,1,0,0,0,1,8
102581267,200000,2024-06-24,11,1,1,0,0,0,1,1
102581760,150000,2024-06-24,11,1,1,0,0,0,1,1
102582753,180000,2024-06-24,11,2,1,0,0,0,1,1
101387450,200000,2024-06-06,11,1,1,0,0,0,1,1
101462088,150000,2024-06-07,11,1,1,0,0,0,1,2
101467284,135000,2024-06-07,11,2,1,0,0,0,1,1
97252155,140000,2024-04-18,11,2,2,0,0,0,1,1
97252571,150000,2024-04-18,11,1,1,0,0,0,1,1
97262693,100000,2024-04-18,11,1,1,0,0,0,1,1
101913761,120000,2024-06-14,11,1,1,0,0,0,1,1
96711333,100000,2024-04-11,11,1,1,0,0,0,1,1
96711703,100000,2024-04-11,11,1,3,0,1,0,4,2
96712494,160000,2024-04-11,11,1,1,0,0,0,1,1
96713491,180000,2024-04-11,11,1,1,0,0,0,1,1
96714975,350000,2024-04-11,11,2,2,0,0,0,1,1
96405580,300000,2024-04-08,11,1,1,0,0,0,1,1
101292832,300000,2024-06-05,11,1,2,0,0,0,1,1
101705525,80000,2024-06-11,11,1,1,0,0,0,1,1
98470980,100000,2024-05-06,11,1,1,0,0,0,1,2
98473105,100000,2024-05-06,11,1,1,0,0,0,1,2
98473737,80000,2024-05-06,11,2,3,0,0,0,2,1
98473783,250000,2024-05-06,11,2,1,0,0,0,1,1
97087898,70000,2024-04-16,11,2,1,0,0,0,1,1
97090309,90000,2024-04-16,11,1,1,0,0,0,1,1
99748770,180000,2024-05-22,11,1,2,0,0,0,1,2
99748895,120000,2024-05-22,11,1,2,0,0,0,1,1
101608056,100000,2024-06-10,11,1,1,0,0,0,1,1
98909201,150000,2024-05-14,11,1,1,0,0,0,1,1
98909203,140000,2024-05-14,11,2,1,0,0,0,1,1
98909355,300000,2024-05-14,11,1,2,0,0,0,1,1
99325106,60000,2024-05-18,11,1,3,0,0,0,2,8
99326922,140000,2024-05-18,11,1,2,0,0,0,1,1
98223066,120000,2024-05-02,11,1,1,0,0,0,1,1
98223569,280000,2024-05-02,11,2,2,0,0,0,1,1
98223759,120000,2024-05-02,11,1,1,0,0,0,1,1
98769044,100000,2024-05-13,11,1,1,0,0,0,1,1
99571440,150000,2024-05-20,11,2,1,0,0,0,1,1
97838059,100000,2024-04-25,11,2,1,0,0,0,3,2
97838613,250000,2024-04-25,11,1,4,0,0,0,1,1
97838984,80000,2024-04-25,11,1,1,0,0,0,1,2
97840365,180000,2024-04-25,11,1,2,0,0,0,1,1
97841594,200000,2024-04-25,11,1,2,0,0,0,1,2
97844031,130000,2024-04-25,11,2,3,0,0,0,2,1
101470490,300000,2024-06-07,11,2,2,0,0,0,1,1
99043842,250000,2024-05-15,11,2,2,0,0,0,1,2
97692462,170000,2024-04-23,11,1,3,0,0,0,1,2
97693695,90000,2024-04-23,11,2,2,0,0,0,1,1
97696677,120000,2024-04-23,11,2,1,0,0,0,1,1
99950883,240000,2024-05-23,11,2,2,0,1,0,1,1
99953624,135000,2024-05-23,11,1,1,0,0,0,1,1
99955505,320000,2024-05-23,11,2,1,0,0,0,1,1
102073343,76000,2024-06-17,11,1,3,0,0,0,1,1
99177641,160000,2024-05-17,11,1,1,0,0,0,1,1
99177717,150000,2024-05-17,11,2,1,0,0,0,1,1
99178469,80000,2024-05-17,11,2,1,0,0,0,1,2
99179006,120000,2024-05-17,11,3,2,0,0,0,1,1
99179841,70000,2024-05-17,11,1,3,0,0,0,1,1
99181987,80000,2024-05-17,11,1,1,0,0,0,1,1
99183075,200000,2024-05-17,11,2,2,0,0,0,1,2
99183615,200000,2024-05-17,11,2,2,0,0,0,1,2
101071969,140000,2024-06-03,11,2,2,1,0,0,1,2
101072313,150000,2024-06-03,11,2,2,1,0,0,1,8
101074069,120000,2024-06-03,11,1,2,0,0,0,1,1
101074897,150000,2024-06-03,11,2,1,0,0,0,1,2
102161940,120000,2024-06-18,11,2,1,0,0,0,1,1
102162183,200000,2024-06-18,11,2,2,1,0,0,1,8
102163486,310000,2024-06-18,11,1,3,0,0,0,1,8
96406542,160000,2024-04-08,11,1,1,0,0,0,1,1
96407383,130000,2024-04-08,11,2,1,0,0,0,1,1
97448534,150000,2024-04-19,11,2,2,0,0,0,1,2
96538217,60000,2024-04-09,11,2,2,0,0,0,1,2
96541454,70000,2024-04-09,11,2,1,0,0,0,1,1
98714374,600000,2024-05-18,11,3,3,0,0,0,1,1
97265682,200000,2024-04-18,11,2,1,0,0,0,1,1
97266656,420000,2024-04-18,11,2,4,0,0,0,1,1
102252512,300000,2024-06-19,11,1,1,0,0,0,1,1
96717032,200000,2024-04-11,11,1,2,0,0,0,1,1
96719347,80000,2024-04-11,11,1,1,0,0,0,1,1
98227284,80000,2024-05-02,11,1,3,0,0,0,1,1
98229871,140000,2024-05-02,11,1,1,0,0,0,1,1
98230357,300000,2024-05-02,11,2,2,0,0,0,1,1
100486569,30000,2024-05-28,11,1,3,0,0,0,2,1
100489692,40000,2024-05-28,11,2,3,0,0,0,1,1
101391636,257000,2024-06-06,11,2,1,0,0,0,1,1
101474419,350000,2024-06-07,11,1,1,0,0,0,1,1
102584016,140000,2024-06-24,11,1,1,0,0,0,1,1
102569252,200000,2024-06-24,11,1,2,0,0,0,1,1
102584826,160000,2024-06-24,11,1,2,0,0,0,1,1
102585550,30000,2024-06-24,11,1,3,1,0,0,1,1
98771183,80000,2024-05-13,11,1,1,0,0,0,1,2
98771267,120000,2024-05-13,11,1,1,0,0,0,1,1
98771753,150000,2024-05-13,11,1,1,0,0,0,1,1
98771912,180000,2024-05-13,11,1,1,0,0,0,1,1
98772463,250000,2024-05-13,11,3,1,0,0,0,1,1
98772692,70000,2024-05-13,11,2,1,0,0,0,3,2
98773361,200000,2024-05-13,11,1,1,0,0,0,1,1
98773458,100000,2024-05-13,11,2,1,0,0,0,1,8
98773647,90000,2024-05-13,11,1,1,0,0,0,1,1
101158656,100000,2024-06-04,11,1,3,0,0,0,1,1
98342468,250000,2024-05-03,11,2,1,0,0,0,1,2
98342547,100000,2024-05-03,11,1,1,0,0,0,1,2
100651612,180000,2024-05-30,11,1,2,0,0,0,1,1
102341174,380000,2024-06-20,11,1,2,0,0,0,1,1
102343237,170000,2024-06-20,11,1,2,0,1,0,1,2
99957532,120000,2024-05-23,11,1,2,0,0,0,1,2
99958291,150000,2024-05-23,11,1,1,0,0,0,1,2
99961287,100000,2024-05-23,11,1,1,0,0,0,1,1
98914504,250000,2024-05-14,11,1,2,0,0,0,1,8
98915029,80000,2024-05-14,11,1,1,0,0,0,1,1
98915460,360000,2024-05-14,11,1,1,0,0,0,1,2
98916705,95000,2024-05-14,11,1,1,0,0,0,1,2
98918195,130000,2024-05-14,11,1,2,0,0,0,1,1
97698207,120000,2024-04-23,11,1,1,0,0,0,1,1
97698910,300000,2024-04-23,11,2,1,0,0,0,1,2
97700940,100000,2024-04-23,11,2,1,0,0,0,1,2
97702411,200000,2024-04-23,11,1,2,0,0,0,1,2
97702682,160000,2024-04-23,11,1,2,0,0,0,1,1
97703541,100000,2024-04-23,11,1,1,0,0,0,1,1
98474238,120000,2024-05-06,11,1,1,0,0,0,1,2
98478275,54000,2024-05-06,11,1,2,0,0,0,1,1
98593670,130000,2024-05-08,11,1,2,0,0,0,1,1
98593687,150000,2024-05-08,11,1,2,0,0,0,1,1
98595463,150000,2024-05-08,11,1,1,0,0,0,1,1
98596785,180000,2024-05-08,11,2,1,0,0,0,1,1
97093541,80000,2024-04-16,11,1,1,0,0,0,1,1
97094931,175000,2024-04-16,11,1,1,0,0,0,1,1
97094984,200000,2024-04-16,11,2,1,0,0,0,1,1
96829592,335000,2024-04-12,11,1,2,0,0,0,1,1
96829749,45000,2024-04-12,11,2,1,0,0,0,1,1
96830042,70000,2024-04-12,11,1,1,0,0,0,1,1
96830073,130000,2024-04-12,11,2,1,0,0,0,1,1
96832855,100000,2024-04-12,11,1,1,0,0,0,1,1
96835280,100000,2024-04-13,11,2,2,0,0,0,1,1
101075984,50000,2024-06-03,11,1,3,0,0,0,1,1
101078403,60000,2024-06-03,11,1,3,0,0,0,2,2
101078799,280000,2024-06-03,11,2,2,0,0,0,1,1
99045596,150000,2024-05-15,11,1,1,0,0,0,1,1
102436258,80000,2024-06-21,11,2,1,0,0,0,1,2
102436278,80000,2024-06-21,11,2,1,0,0,0,1,1
102437780,50000,2024-06-21,11,2,3,0,0,0,1,2
101920347,50000,2024-06-14,11,1,3,0,0,0,1,1
101920376,300000,2024-06-14,11,1,1,0,0,0,1,1
96411037,50000,2024-04-08,11,1,1,0,0,0,1,2
101311242,150000,2024-06-05,11,2,1,0,0,0,1,2
102164446,75000,2024-06-18,11,2,1,0,0,0,1,2
102256099,350000,2024-06-19,11,2,2,0,0,0,1,8
102257824,120000,2024-06-19,11,2,1,0,0,0,1,2
96721737,250000,2024-04-11,11,1,3,0,0,0,1,1
96725148,100000,2024-04-11,11,1,1,0,0,0,1,2
96725621,80000,2024-04-11,11,2,1,0,0,0,1,2
96544371,60000,2024-04-10,11,2,3,0,0,0,1,1
96547983,150000,2024-04-10,11,1,1,0,0,0,1,1
96548010,90000,2024-04-10,11,1,1,0,0,0,1,1
97452647,130000,2024-04-19,11,1,1,0,0,0,1,8
97455547,65000,2024-04-19,11,1,3,0,0,0,1,1
97456026,140000,2024-04-19,11,1,2,0,0,0,1,1
97456873,100000,2024-04-20,11,3,2,0,0,0,1,1
100492957,195000,2024-05-28,11,1,1,0,0,0,1,1
100495923,125000,2024-05-28,11,1,3,0,0,0,1,1
99579928,200000,2024-05-20,11,1,4,0,0,0,1,2
99582028,330000,2024-05-20,11,2,4,0,0,0,1,2
99583520,15000,2024-05-20,11,1,3,0,0,0,4,1
99583879,120000,2024-05-20,11,2,2,0,0,0,1,8
98232539,320000,2024-05-02,11,2,2,0,0,0,1,1
98233481,80000,2024-05-02,11,1,1,0,0,0,1,8
98233982,350000,2024-05-02,11,2,2,0,0,0,1,1
99800489,120000,2024-05-22,11,1,1,0,0,0,1,1
100306048,200000,2024-05-27,11,1,1,0,0,0,1,1
100306414,250000,2024-05-27,11,2,2,0,0,0,1,1
100307526,230000,2024-05-27,11,2,1,0,0,0,1,1
100310284,120000,2024-05-27,11,1,1,0,0,0,1,1
101478820,100000,2024-06-07,11,2,3,0,0,0,1,2
101711553,76000,2024-06-11,11,1,3,0,0,0,1,1
101165427,35000,2024-06-04,11,2,3,0,0,0,1,1
101167076,60000,2024-06-04,11,1,3,0,0,0,1,1
101168057,200000,2024-06-04,11,1,1,0,0,0,1,2
101170081,150000,2024-06-04,11,1,1,0,0,0,2,1
101170817,120000,2024-06-04,11,1,1,0,0,0,1,1
101170966,270000,2024-06-04,11,1,1,0,0,0,1,1
101171349,70000,2024-06-04,11,2,1,0,0,0,1,2
102077488,120000,2024-06-17,11,1,1,0,0,0,1,1
102078191,140000,2024-06-17,11,1,1,0,0,0,1,1
102078305,80000,2024-06-17,11,1,1,0,0,0,1,1
102078345,90000,2024-06-17,11,1,3,0,0,0,1,1
102078374,90000,2024-06-17,11,1,1,0,0,0,1,1
102079097,100000,2024-06-17,11,1,2,0,0,0,1,1
102079410,70000,2024-06-17,11,1,3,0,0,0,1,2
102587728,250000,2024-06-24,11,2,1,0,0,0,1,8
102587747,200000,2024-06-24,11,1,2,0,0,0,1,1
102568526,60000,2024-06-24,11,1,3,0,0,0,2,1
102587903,220000,2024-06-24,11,1,2,0,0,0,1,1
102589596,100000,2024-06-24,11,1,1,0,0,0,2,1
102589671,200000,2024-06-24,11,4,2,0,0,0,1,1
102589701,100000,2024-06-24,11,1,1,0,0,0,2,2
98775035,150000,2024-05-13,11,1,1,0,0,0,1,1
98775712,100000,2024-05-13,11,1,1,0,0,0,1,1
98775752,300000,2024-05-13,11,1,2,0,0,0,1,1
98609187,50000,2024-05-13,11,1,3,0,0,0,2,2
98778527,88000,2024-05-13,11,3,3,0,0,0,2,1
97871597,218000,2024-04-25,11,2,1,0,0,0,1,8
97874171,120000,2024-04-25,11,1,2,0,0,0,1,2
97875324,280000,2024-04-25,11,2,2,0,0,0,1,1
101835349,120000,2024-06-13,11,1,2,0,0,0,1,1
98343914,80000,2024-05-03,11,1,1,0,0,0,1,1
98346198,120000,2024-05-03,11,1,2,0,0,0,1,2
98346542,170000,2024-05-03,11,1,2,0,0,0,1,2
100672291,200000,2024-05-30,11,2,1,0,0,0,1,1
100675506,150000,2024-05-30,11,2,1,0,0,0,1,1
98599374,200000,2024-05-08,11,2,1,0,0,0,1,1
102345656,350000,2024-06-20,11,2,2,0,0,0,1,1
99962595,400000,2024-05-23,11,1,4,0,0,0,1,1
97707042,160000,2024-04-23,11,1,2,0,0,0,1,1
98920444,70000,2024-05-14,11,2,2,0,1,0,1,1
98921337,175000,2024-05-14,11,1,1,0,0,0,1,1
98921600,55000,2024-05-14,11,1,3,0,0,0,1,1
98923090,100000,2024-05-14,11,1,1,0,0,0,1,1
98480189,150000,2024-05-06,11,1,1,0,0,0,1,1
98480766,300000,2024-05-06,11,2,1,0,0,0,1,1
98483051,230000,2024-05-06,11,2,2,0,0,0,1,2
97096631,250000,2024-04-16,11,2,2,0,0,0,1,1
97096928,95000,2024-04-16,11,1,1,0,0,0,1,2
97098220,70000,2024-04-16,11,1,1,0,0,0,1,1
97098268,60000,2024-04-16,11,2,3,0,0,0,1,8
97101145,90000,2024-04-16,11,1,1,0,0,0,1,1
99385300,220000,2024-05-18,11,2,1,0,0,0,1,1
99390514,150000,2024-05-18,11,2,2,0,0,0,1,2
99211212,100000,2024-05-17,11,2,1,0,0,0,1,2
101081356,120000,2024-06-03,11,1,2,0,0,0,1,2
101082244,70000,2024-06-03,11,1,3,0,0,0,1,1
101083547,135000,2024-06-03,11,1,2,0,0,0,1,1
96836660,150000,2024-04-13,11,1,1,0,0,0,1,1
96837303,200000,2024-04-13,11,1,1,0,0,0,1,8
96840146,95000,2024-04-13,11,1,1,0,0,0,1,2
96840568,70000,2024-04-13,11,1,1,0,0,0,1,1
96841035,100000,2024-04-13,11,2,1,0,0,0,1,8
99051070,130000,2024-05-15,11,1,2,0,0,0,1,1
99047193,95000,2024-05-15,11,2,1,0,0,0,1,1
99052320,100000,2024-05-15,11,1,1,0,0,0,1,1
99052795,200000,2024-05-15,11,1,2,0,0,0,1,1
99053039,80000,2024-05-15,11,1,1,0,0,0,1,1
99053520,300000,2024-05-15,11,1,2,0,0,0,1,1
99054139,300000,2024-05-15,11,1,1,0,0,0,4,1
99055622,75000,2024-05-15,11,1,3,0,0,0,1,2
96413342,115000,2024-04-08,11,1,1,0,0,0,1,1
96413927,150000,2024-04-08,11,1,2,0,0,0,1,2
96414878,100000,2024-04-08,11,1,3,0,0,0,1,1
97293759,90000,2024-04-18,11,1,1,0,0,0,1,1
97297152,140000,2024-04-18,11,1,1,0,0,0,1,1
97297821,90000,2024-04-18,11,1,2,0,0,0,1,1
97298346,80000,2024-04-18,11,2,1,0,0,0,1,1
101394479,100000,2024-06-06,11,2,2,0,0,0,1,2
101395432,80000,2024-06-06,11,1,2,0,0,0,1,1
101395437,400000,2024-06-06,11,1,2,0,0,0,1,8
101923452,300000,2024-06-14,11,1,2,0,0,0,1,1
102438610,250000,2024-06-21,11,1,1,0,0,0,1,1
102440289,300000,2024-06-21,11,1,2,0,0,0,1,1
101315700,150000,2024-06-05,11,1,1,0,0,0,1,1
101316245,50000,2024-06-05,11,1,1,0,0,0,3,8
96549147,175000,2024-04-10,11,1,2,0,0,0,1,1
96550513,130000,2024-04-10,11,2,1,0,0,0,1,1
96554208,300000,2024-04-10,11,2,2,0,0,0,1,1
96555016,79400,2024-04-10,11,1,3,0,0,0,1,1
96555141,150000,2024-04-10,11,1,2,0,0,0,1,1
102261091,35000,2024-06-19,11,1,1,0,0,0,3,1
96727495,80000,2024-04-11,11,2,2,0,0,0,1,1
96729224,80000,2024-04-11,11,1,1,0,0,0,1,1
96730146,200000,2024-04-11,11,1,1,0,0,0,1,1
96731146,40000,2024-04-11,11,1,3,0,0,0,1,1
96731391,115000,2024-04-11,11,2,2,0,0,0,1,2
100499348,100000,2024-05-28,11,1,2,0,0,0,1,1
97465056,70000,2024-04-20,11,2,2,0,0,0,1,1
97465499,80000,2024-04-20,11,1,3,0,0,0,1,1
97465550,100000,2024-04-20,11,2,1,0,0,0,1,2
97466892,30000,2024-04-20,11,1,3,0,0,0,3,1
101479949,100000,2024-06-07,11,1,2,0,0,0,1,2
102080912,132000,2024-06-17,11,1,1,0,0,0,1,1
102082279,70000,2024-06-17,11,1,3,0,0,0,1,1
101183196,75000,2024-06-04,11,1,1,0,0,0,1,1
101184214,40000,2024-06-04,11,2,3,0,0,0,1,2
100310642,350000,2024-05-27,11,3,1,0,0,0,1,1
100313317,310000,2024-05-27,11,1,2,0,0,0,1,1
100313424,350000,2024-05-27,11,1,2,0,0,0,1,1
100314819,60000,2024-05-27,11,2,3,0,0,0,1,2
100315274,220000,2024-05-27,11,1,2,0,0,0,1,1
98235875,90000,2024-05-02,11,1,1,0,0,0,1,1
98235924,60000,2024-05-02,11,2,1,0,0,0,1,8
98239109,100000,2024-05-02,11,1,1,0,0,0,1,1
102592743,250000,2024-06-24,11,2,2,0,0,0,1,2
98781791,30000,2024-05-13,11,1,3,0,0,0,1,1
97877596,90000,2024-04-25,11,1,1,0,0,0,1,1
97877629,110000,2024-04-25,11,1,1,0,0,0,1,1
97878382,140000,2024-04-25,11,1,3,0,0,0,1,1
97879166,130000,2024-04-25,11,1,1,0,0,0,1,1
97883364,350000,2024-04-25,11,1,2,0,0,0,1,1
101836753,400000,2024-06-13,11,1,2,0,0,0,1,1
101836770,200000,2024-06-13,11,2,2,0,0,0,1,1
99590484,350000,2024-05-20,11,1,2,0,0,0,1,1
102347903,80000,2024-06-20,11,1,1,0,0,0,1,1
98601978,150000,2024-05-08,11,1,2,0,0,0,1,1
98603598,160000,2024-05-08,11,1,1,0,0,0,1,1
99968868,120000,2024-05-23,11,1,2,0,0,0,1,2
99970773,70000,2024-05-23,11,1,2,0,0,0,2,1
99971380,80000,2024-05-23,11,1,1,0,0,0,1,2
99971956,100000,2024-05-23,11,1,1,0,0,0,1,1
99972456,120000,2024-05-23,11,1,1,0,0,0,1,8
99973182,80000,2024-05-23,11,2,1,0,0,0,1,1
99973972,300000,2024-05-23,11,1,1,0,0,0,1,1
98348936,400000,2024-05-03,11,1,1,0,0,0,1,2
98349112,400000,2024-05-03,11,1,1,0,0,0,1,2
99397729,80000,2024-05-18,11,2,1,0,0,0,1,2
99400172,300000,2024-05-18,11,1,4,0,0,0,3,1
98923792,70000,2024-05-14,11,1,1,0,0,0,1,1
98924248,270000,2024-05-14,11,1,2,0,0,0,1,1
98925955,250000,2024-05-14,11,1,2,0,0,0,1,1
98926464,250000,2024-05-14,11,1,2,0,0,0,1,1
98927875,180000,2024-05-14,11,1,2,0,0,0,1,1
101087628,450000,2024-06-03,11,1,2,0,0,0,1,2
101089218,58000,2024-06-03,11,2,3,0,0,0,1,1
101089869,200000,2024-06-03,11,3,1,0,0,0,1,1
98483742,200000,2024-05-06,11,2,1,0,0,0,1,8
98484254,60000,2024-05-06,11,2,1,0,0,0,1,2
98485122,150000,2024-05-06,11,2,2,0,0,0,1,2
98486705,80000,2024-05-06,11,1,1,0,0,0,1,1
98487802,330000,2024-05-06,11,1,2,0,0,0,1,1
97102477,220000,2024-04-16,11,1,2,0,0,0,1,1
96416624,120000,2024-04-08,11,1,1,0,0,0,1,1
99058067,200000,2024-05-15,11,1,1,0,0,0,1,2
99058301,290000,2024-05-15,11,2,2,0,0,0,1,1
99059088,183000,2024-05-15,11,2,2,0,0,0,1,1
99061188,180000,2024-05-15,11,1,1,0,0,0,1,1
101399850,109000,2024-06-06,11,1,1,0,0,0,1,1
99217068,80000,2024-05-17,11,1,1,0,0,0,1,1
97301524,120000,2024-04-18,11,1,1,0,0,0,1,2
97302901,130000,2024-04-18,11,1,2,0,0,0,1,1
97303138,80000,2024-04-18,11,4,3,0,0,0,1,1
97303980,180000,2024-04-18,11,1,2,0,0,0,1,2
97304327,150000,2024-04-18,11,1,1,0,0,0,1,1
101317072,130000,2024-06-05,11,1,1,0,0,0,1,1
101317875,150000,2024-06-05,11,1,1,0,0,0,1,1
102442500,250000,2024-06-21,11,2,1,0,0,0,1,1
102442506,150000,2024-06-21,11,1,1,0,0,0,1,1
102443199,80000,2024-06-21,11,2,1,0,0,0,1,8
102443799,90000,2024-06-21,11,1,1,0,0,0,1,1
102172531,370000,2024-06-18,11,1,2,0,0,0,1,1
102172609,100000,2024-06-18,11,2,1,0,0,0,1,2
102263118,114000,2024-06-19,11,1,1,0,0,0,1,1
97711293,250000,2024-04-23,11,2,2,0,0,0,1,1
97713130,100000,2024-04-23,11,2,1,0,0,0,1,8
96735332,85000,2024-04-11,11,1,3,0,0,0,1,1
96735991,70000,2024-04-11,11,1,1,0,0,0,1,1
101926091,160000,2024-06-14,11,1,3,0,0,0,1,1
97500092,180000,2024-04-20,11,1,1,0,0,0,1,1
101620617,500000,2024-06-10,11,3,2,0,0,0,1,1
101621190,150000,2024-06-10,11,1,2,0,0,0,1,2
101484154,70000,2024-06-07,11,1,1,0,0,0,1,1
101484233,117000,2024-06-07,11,1,1,0,0,0,1,1
101484701,150000,2024-06-07,11,1,2,0,0,0,1,1
100504196,80000,2024-05-28,11,1,1,0,0,0,1,2
100507150,120000,2024-05-28,11,1,1,0,0,0,1,2
102086691,82000,2024-06-17,11,1,3,0,0,0,1,1
98239928,90000,2024-05-02,11,2,1,0,0,0,1,1
98240503,150000,2024-05-02,11,1,2,0,0,0,1,1
98243312,55407,2024-05-02,11,1,3,0,0,0,1,1
98243319,70000,2024-05-02,11,1,3,0,0,0,1,2
100318450,270000,2024-05-27,11,2,2,0,0,0,1,1
100320261,320000,2024-05-27,11,2,2,0,0,0,1,1
100320414,150000,2024-05-27,11,1,1,0,0,0,1,1
100321359,300000,2024-05-27,11,2,1,1,0,0,1,1
100321626,280000,2024-05-27,11,2,2,0,0,0,1,1
100323887,250000,2024-05-27,11,2,2,0,0,0,1,1
102593671,400000,2024-06-24,11,1,2,0,0,0,1,1
101841093,350000,2024-06-13,11,1,2,0,0,0,1,1
101841131,350000,2024-06-13,11,3,2,0,0,0,1,1
97883654,250000,2024-04-25,11,1,4,0,0,0,1,2
97884977,120000,2024-04-25,11,1,2,0,0,0,1,2
97885850,180000,2024-04-25,11,2,1,0,0,0,1,1
97886142,108000,2024-04-25,11,1,1,0,0,0,1,8
97886268,130000,2024-04-25,11,1,1,0,0,0,1,2
97886415,100000,2024-04-25,11,1,1,0,0,0,1,1
97888979,70000,2024-04-25,11,2,3,0,0,0,1,1
97889026,150000,2024-04-25,11,1,2,1,0,0,3,8
99591295,90000,2024-05-20,11,1,2,0,0,0,1,1
99591496,70000,2024-05-20,11,1,3,0,0,0,1,1
99594166,200000,2024-05-20,11,1,2,0,0,0,1,1
99595727,40000,2024-05-20,11,2,1,1,0,0,1,2
99404230,200000,2024-05-18,11,2,1,0,0,0,1,1
99406135,230000,2024-05-18,11,3,2,0,0,0,1,1
98783347,25000,2024-05-13,11,2,3,0,0,0,3,2
98783779,46000,2024-05-13,11,1,3,0,0,0,2,1
98784290,200000,2024-05-13,11,2,1,0,0,0,1,1
98604882,120000,2024-05-08,11,2,1,0,0,0,1,1
98606126,140000,2024-05-08,11,1,2,0,0,0,1,1
98607330,120000,2024-05-08,11,2,1,0,0,0,1,1
100682829,150000,2024-05-30,11,2,1,0,0,0,1,1
100683197,40000,2024-05-30,11,2,1,1,0,0,1,1
100684055,50000,2024-05-30,11,1,3,0,0,0,1,1
96921396,40000,2024-04-14,11,2,1,1,0,0,1,1
96921788,40000,2024-04-14,11,3,3,0,0,0,1,1
96922085,180000,2024-04-14,11,1,1,0,0,0,1,1
98356032,250000,2024-05-03,11,1,1,0,0,0,1,1
98356241,120000,2024-05-03,11,1,1,0,1,0,1,1
99974287,100000,2024-05-23,11,1,2,0,0,0,1,1
99977282,115000,2024-05-24,11,1,1,0,0,0,1,1
99978068,250000,2024-05-24,11,1,1,0,0,0,1,1
99979291,250000,2024-05-24,11,1,2,0,0,0,1,1
99980149,90000,2024-05-24,11,1,1,0,0,0,1,1
101092761,200000,2024-06-03,11,2,1,0,0,0,1,1
101094144,120000,2024-06-03,11,1,1,0,0,0,1,8
97110773,80000,2024-04-16,11,2,1,0,0,0,1,1
96422707,250000,2024-04-08,11,1,1,0,0,0,1,2
96424332,330000,2024-04-08,11,2,2,0,0,0,1,1
96425067,120000,2024-04-08,11,1,1,0,0,0,1,1
101400339,85000,2024-06-06,11,1,3,0,0,0,1,1
101402708,60000,2024-06-06,11,1,1,0,0,0,1,1
101402778,300000,2024-06-06,11,1,1,0,0,0,1,1
98489422,50000,2024-05-07,11,2,3,0,0,0,1,1
98489655,126500,2024-05-07,11,1,1,0,0,0,1,1
98490976,100000,2024-05-07,11,1,1,0,0,0,1,1
98491672,40000,2024-05-07,11,1,1,0,0,0,3,1
99063282,150000,2024-05-15,11,1,2,0,0,0,1,2
99065958,35000,2024-05-16,11,1,3,0,0,0,1,2
98928724,150000,2024-05-14,11,1,1,0,0,0,1,1
98929526,80000,2024-05-14,11,1,1,0,0,0,1,1
98932496,200000,2024-05-14,11,1,1,0,0,0,1,2
96584580,100000,2024-04-10,11,2,1,0,0,0,1,2
102173445,100000,2024-06-18,11,1,1,0,0,0,1,1
102174207,100000,2024-06-18,11,1,1,0,0,0,1,2
102174830,138000,2024-06-18,11,1,1,0,0,0,1,8
102174980,120000,2024-06-18,11,2,1,0,0,0,1,1
102175451,80000,2024-06-18,11,2,1,0,0,0,1,1
102175534,138000,2024-06-18,11,2,2,0,0,0,1,1
101320047,170000,2024-06-05,11,1,4,0,0,0,1,1
101320786,200000,2024-06-05,11,1,1,0,0,0,1,1
99223672,150000,2024-05-17,11,1,1,0,0,0,1,2
99224774,100000,2024-05-17,11,2,1,0,0,0,1,1
99224965,200000,2024-05-17,11,1,2,0,0,0,1,1
99226012,75000,2024-05-17,11,1,1,0,0,0,1,2
99227598,80000,2024-05-17,11,1,3,0,0,0,1,1
102446838,200000,2024-06-21,11,1,4,0,0,0,1,2
97305240,70000,2024-04-18,11,2,3,0,0,0,1,1
97306235,35000,2024-04-18,11,1,3,0,0,0,2,1
97307670,230000,2024-04-18,11,1,2,0,0,0,1,1
97307934,150000,2024-04-18,11,1,1,0,0,0,1,1
97308518,100000,2024-04-18,11,2,1,0,0,0,1,1
97309100,88000,2024-04-18,11,3,3,0,0,0,2,1
97309361,80000,2024-04-18,11,1,1,0,0,0,1,2
97505131,70000,2024-04-20,11,2,1,0,0,0,1,1
97506701,140000,2024-04-20,11,1,3,0,0,0,2,1
97533814,100000,2024-04-21,11,2,1,0,0,0,1,1
101485804,163350,2024-06-07,11,1,1,0,0,0,1,2
101485877,66500,2024-06-07,11,2,1,0,0,0,1,1
101623594,270000,2024-06-10,11,1,4,1,0,0,1,1
101624737,150000,2024-06-10,11,1,1,0,0,0,1,1
101624758,300000,2024-06-10,11,2,2,0,0,0,1,1
101625057,100000,2024-06-10,11,2,1,0,0,0,1,2
101928649,75000,2024-06-14,11,1,1,0,0,0,1,2
101930560,380000,2024-06-14,11,1,2,0,0,0,1,1
101930921,250000,2024-06-14,11,1,2,0,0,0,1,1
97720429,120000,2024-04-23,11,1,2,0,0,0,1,2
96744975,230000,2024-04-12,11,2,2,0,0,0,1,2
96746496,126500,2024-04-12,11,2,2,0,0,0,1,1
96750945,150000,2024-04-12,11,2,2,0,0,0,1,1
102266723,270000,2024-06-19,11,1,1,0,0,0,1,1
102267122,35000,2024-06-19,11,1,1,1,0,0,3,2
102267977,90000,2024-06-19,11,2,2,0,0,0,1,1
102268140,100000,2024-06-19,11,2,1,0,0,0,1,1
99411522,140000,2024-05-18,11,1,3,0,0,0,2,1
101226583,80000,2024-06-04,11,1,1,0,0,0,1,1
102596990,80000,2024-06-24,11,1,1,0,0,0,1,1
102597791,100000,2024-06-24,11,1,1,0,0,0,1,2
102598937,130000,2024-06-24,11,2,1,0,0,0,1,2
100324836,200000,2024-05-27,11,2,2,0,0,0,1,1
100328293,250000,2024-05-27,11,1,1,0,0,0,1,1
99814700,70000,2024-05-22,11,2,1,0,0,0,1,2
99815479,180000,2024-05-22,11,1,1,0,0,0,1,1
99819794,90000,2024-05-22,11,2,1,0,0,0,1,1
102354118,100000,2024-06-20,11,1,1,0,0,0,1,1
102354549,230000,2024-06-20,11,1,2,0,0,0,1,1
102355566,245000,2024-06-20,11,1,1,0,0,0,1,1
99598912,200000,2024-05-20,11,1,3,0,0,0,1,1
99599780,200000,2024-05-20,11,1,1,0,0,0,1,1
98245850,150000,2024-05-02,11,1,1,1,0,0,4,2
97891325,200000,2024-04-25,11,2,2,0,0,0,1,1
96926142,150000,2024-04-14,11,1,1,0,0,0,1,2
96929921,80000,2024-04-14,11,2,2,0,0,0,3,2
96938593,300000,2024-04-15,11,1,2,0,0,0,1,2
96940409,70000,2024-04-15,11,2,1,1,0,0,1,1
96943151,250000,2024-04-15,11,1,1,0,0,0,1,1
96943321,250000,2024-04-15,11,2,1,0,0,0,1,1
96943446,100001,2024-04-15,11,2,3,1,0,0,1,1
98610446,244133,2024-05-08,11,1,1,0,0,0,1,1
98610912,130000,2024-05-08,11,1,1,0,0,0,1,1
98611867,250000,2024-05-08,11,1,1,0,0,0,1,1
98357851,250000,2024-05-03,11,2,1,0,0,0,1,1
98358614,280000,2024-05-03,11,2,2,0,0,0,1,1
98359395,105000,2024-05-04,11,1,1,0,0,0,1,1
98360015,200000,2024-05-04,11,2,1,0,0,0,1,2
101096542,250000,2024-06-03,11,2,2,0,0,0,1,1
101091709,60000,2024-06-03,11,1,3,0,0,0,2,1
97113549,150000,2024-04-16,11,1,2,0,0,0,1,1
97114592,250000,2024-04-16,11,2,2,0,0,0,1,1
97115050,125000,2024-04-16,11,1,1,0,0,0,1,2
97115903,200000,2024-04-16,11,2,2,0,0,0,1,2
97116086,150000,2024-04-16,11,2,1,0,0,0,1,1
99981074,270000,2024-05-24,11,2,2,0,0,0,1,1
99983395,110000,2024-05-24,11,1,2,0,0,0,1,1
99985350,80000,2024-05-24,11,1,1,0,0,0,1,1
99985372,120000,2024-05-24,11,3,1,0,0,0,1,2
99988550,200000,2024-05-24,11,1,1,0,0,0,1,1
96431016,200000,2024-04-08,11,1,1,0,0,0,1,1
96431618,190000,2024-04-08,11,3,1,0,0,0,1,1
96431688,200000,2024-04-08,11,1,1,0,0,0,1,1
96427645,40000,2024-04-08,11,1,3,0,0,0,2,1
100688106,150000,2024-05-30,11,1,1,0,0,0,1,1
100691555,110000,2024-05-30,11,1,1,0,0,0,1,2
100691848,100000,2024-05-30,11,1,1,0,0,0,1,1
102176717,300000,2024-06-18,11,1,2,0,0,0,1,1
98788068,140000,2024-05-13,11,2,1,0,0,0,1,1
98789459,250000,2024-05-13,11,1,2,0,0,0,1,1
98790966,90000,2024-05-13,11,1,1,0,0,0,1,1
98791117,250000,2024-05-13,11,1,2,0,0,0,1,1
96587988,15000,2024-04-10,11,3,3,0,0,0,3,1
96590173,100000,2024-04-10,11,1,1,0,0,0,1,2
98936671,110000,2024-05-14,11,1,1,0,0,0,1,2
99066878,130000,2024-05-16,11,1,2,0,1,0,1,1
99067415,130000,2024-05-16,11,1,2,0,1,0,1,1
99067422,110000,2024-05-16,11,1,2,0,0,0,1,1
101321878,240000,2024-06-05,11,1,2,0,1,0,1,1
101322363,310000,2024-06-05,11,2,2,0,0,0,1,1
102450332,82000,2024-06-21,11,1,3,0,0,0,1,1
102450846,60000,2024-06-22,11,1,1,0,0,0,1,1
102451692,95000,2024-06-22,11,1,1,0,0,0,1,1
102451725,140000,2024-06-22,11,2,2,0,0,0,1,1
101488976,100000,2024-06-07,11,1,1,0,0,0,1,1
97311367,60000,2024-04-18,11,1,3,0,1,0,1,1
97316675,89000,2024-04-18,11,1,1,0,0,0,1,1
101932612,250000,2024-06-14,11,1,2,0,0,0,1,1
101933903,200000,2024-06-14,11,2,2,0,0,0,1,2
101935671,120000,2024-06-14,11,1,1,0,0,0,1,2
96752944,80000,2024-04-12,11,1,1,0,0,0,3,2
96753017,110000,2024-04-12,11,1,1,0,0,0,1,1
96755585,183000,2024-04-12,11,2,2,0,0,0,1,1
96764122,100000,2024-04-12,11,1,1,0,0,0,1,1
96767854,70000,2024-04-12,11,1,1,0,0,0,1,1
101627586,120000,2024-06-10,11,1,1,0,0,0,1,1
101368803,60000,2024-06-10,11,1,3,0,0,0,2,1
101629262,150000,2024-06-10,11,1,1,0,0,0,1,1
99421573,200000,2024-05-19,11,1,2,0,0,0,1,1
99460847,145000,2024-05-19,11,2,1,0,0,0,1,2
99462361,60000,2024-05-19,11,2,3,0,0,0,1,1
102270590,174000,2024-06-19,11,1,2,0,0,0,1,1
97729020,250000,2024-04-23,11,2,1,0,0,0,1,1
102599632,150000,2024-06-24,11,1,1,0,0,0,1,1
101728156,90000,2024-06-11,11,1,3,0,0,0,1,1
101848785,180000,2024-06-13,11,1,1,0,0,0,1,1
101849714,220000,2024-06-13,11,1,1,0,0,0,1,1
97901558,300000,2024-04-25,11,1,1,0,0,0,1,1
97903443,100000,2024-04-25,11,2,1,0,0,0,1,1
97904118,130000,2024-04-25,11,1,1,0,0,0,1,1
100330937,110000,2024-05-27,11,2,1,0,0,0,1,2
100333477,160000,2024-05-27,11,1,4,0,0,0,1,1
100333506,180000,2024-05-27,11,2,1,0,0,0,1,8
100334285,85000,2024-05-27,11,2,1,0,1,0,1,1
100334291,310000,2024-05-27,11,2,2,0,0,0,1,1
100334312,150000,2024-05-27,11,1,2,0,0,0,1,1
100334971,40000,2024-05-27,11,2,3,0,0,0,1,2
100335986,200000,2024-05-27,11,2,1,0,0,0,1,1
99601750,350000,2024-05-20,11,2,4,0,0,0,1,1
99602626,200000,2024-05-20,11,1,2,0,1,0,1,2
99604081,90000,2024-05-20,11,1,1,0,0,0,1,1
99820491,130000,2024-05-22,11,1,2,0,0,0,1,1
99823187,80000,2024-05-22,11,1,3,0,0,0,1,1
99823260,300000,2024-05-22,11,1,2,0,0,0,1,8
99824334,80000,2024-05-22,11,1,1,0,0,0,1,2
100513287,220000,2024-05-28,11,1,2,0,0,0,1,8
100514286,60000,2024-05-28,11,2,1,0,0,0,1,2
100517048,180000,2024-05-28,11,1,1,0,0,0,1,1
100517860,120000,2024-05-29,11,1,2,0,0,0,1,1
100000447,30000,2024-05-24,11,2,3,0,0,0,1,1
98613005,250000,2024-05-08,11,1,1,0,0,0,1,1
98613202,120000,2024-05-08,11,1,1,0,0,0,1,1
98614083,250000,2024-05-08,11,1,2,0,0,0,1,8
98614849,300000,2024-05-08,11,1,1,0,0,0,1,1
98248830,280000,2024-05-02,11,2,2,0,0,0,1,1
98249910,110000,2024-05-02,11,2,1,0,0,0,1,2
98250699,80000,2024-05-02,11,3,1,0,0,0,1,1
98361083,50000,2024-05-04,11,2,3,0,0,0,1,2
98363744,150000,2024-05-04,11,3,1,0,0,0,1,1
101407703,50000,2024-06-06,11,3,3,0,0,0,2,1
98498323,80000,2024-05-07,11,1,1,0,0,0,1,1
98499874,120000,2024-05-07,11,2,1,0,0,0,1,1
98501149,100000,2024-05-07,11,2,1,0,0,0,1,1
97119470,220000,2024-04-16,11,1,1,0,0,0,1,1
97120695,50000,2024-04-16,11,1,3,0,0,0,2,1
97121881,100000,2024-04-16,11,2,1,0,0,0,3,1
97122608,80000,2024-04-16,11,2,1,0,0,0,1,1
97122729,90000,2024-04-16,11,1,1,0,0,0,1,1
96434633,150000,2024-04-08,11,1,2,0,0,0,1,1
96435219,300000,2024-04-08,11,2,2,0,0,0,1,1
96435428,90000,2024-04-08,11,4,1,0,0,0,1,1
96435557,320000,2024-04-08,11,1,2,0,0,0,1,1
96436837,250000,2024-04-08,11,2,2,0,0,0,1,1
102180190,120000,2024-06-18,11,1,2,0,0,0,1,1
101103373,120000,2024-06-03,11,1,1,0,0,0,1,1
101104392,250000,2024-06-03,11,2,2,0,0,0,1,1
99072148,100000,2024-05-16,11,2,1,0,0,0,1,1
99073241,40000,2024-05-16,11,1,3,0,0,0,2,1
99074071,350000,2024-05-16,11,2,2,0,0,0,1,1
99074089,270000,2024-05-16,11,2,2,0,0,0,1,1
96591232,280000,2024-04-10,11,1,2,0,0,0,1,1
96595638,200000,2024-04-10,11,1,1,0,0,0,1,1
96595961,25000,2024-04-10,11,1,1,0,0,0,1,2
98941864,170000,2024-05-14,11,1,1,0,0,0,1,1
97579826,50000,2024-04-22,11,2,1,0,0,0,1,1
97579827,110000,2024-04-22,11,1,2,0,0,0,1,1
97582099,300000,2024-04-22,11,2,2,0,0,0,1,1
101324925,200000,2024-06-05,11,1,1,0,0,0,1,1
101325650,50000,2024-06-05,11,1,3,0,0,0,2,1
101326113,400000,2024-06-05,11,2,2,0,0,0,1,1
100695210,65000,2024-06-05,11,1,1,0,0,0,1,2
101327092,130000,2024-06-05,11,1,1,0,0,0,1,1
101493120,150000,2024-06-07,11,1,1,0,0,0,1,1
101493195,180000,2024-06-07,11,2,1,0,0,0,1,1
102454401,180000,2024-06-22,11,2,1,0,0,0,1,1
102454846,80000,2024-06-22,11,1,3,0,0,0,1,1
102455460,80000,2024-06-22,11,1,4,0,0,0,1,1
102456048,100000,2024-06-22,11,1,1,0,0,0,1,2
97729163,42000,2024-04-23,11,1,3,0,0,0,1,2
97731212,100000,2024-04-23,11,1,1,0,0,0,1,1
99472219,120000,2024-05-19,11,1,1,0,0,0,1,2
99474517,110000,2024-05-19,11,1,1,0,0,0,1,1
99478981,200000,2024-05-19,11,1,1,0,0,0,1,1
99484635,420000,2024-05-20,11,2,4,0,0,0,1,1
99484922,250000,2024-05-20,11,1,2,0,0,0,1,2
99496007,100000,2024-05-20,11,2,1,0,0,0,1,1
102097291,50000,2024-06-17,11,2,3,0,0,0,1,1
102098124,100000,2024-06-17,11,1,2,0,0,0,1,1
102274324,150000,2024-06-19,11,2,1,1,0,0,1,1
102274664,230000,2024-06-19,11,1,2,0,0,0,1,1
102274864,400000,2024-06-19,11,1,2,0,0,0,1,1
102275499,140000,2024-06-19,11,1,1,0,0,0,1,1
102276338,93000,2024-06-19,11,1,1,0,0,0,1,1
101629659,150000,2024-06-10,11,1,1,0,0,0,1,1
101631171,300000,2024-06-10,11,2,2,0,0,0,1,1
101633187,250000,2024-06-10,11,1,1,0,0,0,1,1
102602601,300000,2024-06-24,11,2,2,0,0,0,1,8
102603664,90000,2024-06-24,11,2,1,0,0,0,1,2
101851955,100000,2024-06-13,11,1,1,0,0,0,1,1
100341511,120000,2024-05-27,11,2,1,1,0,0,1,1
100343075,250000,2024-05-27,11,2,2,0,0,0,1,1
97907977,250000,2024-04-25,11,1,2,0,1,0,1,1
97910335,70000,2024-04-25,11,1,1,0,0,0,1,1
97910880,90000,2024-04-25,11,2,1,0,0,0,1,2
97912182,100000,2024-04-25,11,2,1,0,0,0,4,1
97914463,150000,2024-04-25,11,1,1,0,0,0,1,1
99607039,120000,2024-05-20,11,1,1,0,0,0,1,1
99608936,300000,2024-05-20,11,2,2,0,0,0,1,1
99609009,176000,2024-05-21,11,1,2,0,0,0,1,2
99609350,170000,2024-05-21,11,1,2,0,1,0,1,2
98369746,150000,2024-05-04,11,1,1,0,0,0,2,1
96966335,30000,2024-04-15,11,2,1,0,0,0,1,1
96969211,150000,2024-04-15,11,1,1,0,0,0,1,1
96970055,100000,2024-04-15,11,2,1,0,0,0,1,1
99827104,150000,2024-05-22,11,1,2,0,0,0,1,1
99828220,120000,2024-05-22,11,1,1,0,0,0,1,1
99828267,120000,2024-05-22,11,1,1,0,0,0,1,1
99828808,76000,2024-05-22,11,1,1,0,0,0,1,1
99828852,80000,2024-05-22,11,1,3,0,0,0,1,2
99828857,100000,2024-05-22,11,1,2,0,0,0,1,8
99828972,182000,2024-05-22,11,2,1,0,0,0,1,1
99829925,80000,2024-05-22,11,1,1,0,0,0,1,1
99830519,230000,2024-05-22,11,1,2,0,0,0,1,1
100026216,200000,2024-05-24,11,1,1,0,0,0,1,1
101731009,70850,2024-06-11,11,1,1,0,0,0,1,1
101731931,110000,2024-06-11,11,1,1,0,0,0,1,1
98513877,140000,2024-05-07,11,1,1,0,0,0,1,1
98253294,300000,2024-05-02,11,1,2,0,0,0,1,1
98255321,110000,2024-05-02,11,1,1,0,0,0,1,1
100519421,60000,2024-05-29,11,1,1,0,0,0,1,1
100519219,60000,2024-05-29,11,1,1,0,0,0,1,1
100521116,240000,2024-05-29,11,1,1,0,0,0,1,1
100524778,120000,2024-05-29,11,1,1,0,0,0,1,2
100524996,150000,2024-05-29,11,1,2,0,0,0,1,1
100525801,100000,2024-05-29,11,1,3,0,0,0,4,2
100698823,150000,2024-05-30,11,1,2,0,0,0,1,1
96440534,92000,2024-04-08,11,1,1,0,0,0,1,1
101108715,150000,2024-06-03,11,1,2,0,0,0,1,1
101109041,150000,2024-06-03,11,1,2,0,0,0,1,1
99238800,80000,2024-05-17,11,1,1,0,0,0,1,1
99241437,200000,2024-05-17,11,2,1,0,0,0,1,1
97128451,220000,2024-04-16,11,1,1,0,0,0,1,1
97128543,300000,2024-04-16,11,2,2,1,0,0,1,1
97128659,30000,2024-04-16,11,3,3,0,0,0,2,2
97129018,180000,2024-04-16,11,1,2,0,0,0,1,1
99079487,250000,2024-05-16,11,1,1,0,0,0,1,1
99079929,80000,2024-05-16,11,1,1,0,0,0,1,1
99080127,200000,2024-05-16,11,1,1,0,0,0,1,2
99081164,150000,2024-05-16,11,1,1,0,0,0,1,1
99083170,120000,2024-05-16,11,1,1,0,0,0,1,2
99089034,70000,2024-05-16,11,2,1,1,0,0,1,8
99089055,100000,2024-05-16,11,1,1,0,0,0,1,1
99089465,92000,2024-05-16,11,1,2,0,0,0,1,1
101327895,60000,2024-06-05,11,2,1,0,0,0,1,8
101330531,350000,2024-06-05,11,1,4,0,0,0,1,1
96596396,300000,2024-04-10,11,2,1,0,0,0,1,1
96596810,60000,2024-04-10,11,1,1,0,0,0,1,8
96599509,80000,2024-04-10,11,1,1,0,0,0,1,1
96600264,80000,2024-04-10,11,1,1,0,0,0,1,1
101495383,150000,2024-06-07,11,1,2,0,0,0,1,2
98945771,120000,2024-05-14,11,1,1,0,0,0,1,1
98946781,140000,2024-05-14,11,1,1,0,0,0,1,1
98948705,200000,2024-05-14,11,1,1,0,0,0,1,1
97583049,140000,2024-04-22,11,1,2,0,0,0,1,2
97587879,180000,2024-04-22,11,1,2,0,0,0,1,1
98795756,200000,2024-05-13,11,1,2,0,0,0,1,1
98798067,200000,2024-05-13,11,1,2,0,0,0,1,1
98798359,350000,2024-05-13,11,2,2,0,0,0,1,1
98798425,150000,2024-05-13,11,2,1,0,0,0,1,2
98799532,280000,2024-05-13,11,1,2,0,0,0,1,1
97736438,100000,2024-04-23,11,1,1,0,0,0,1,2
102467163,120000,2024-06-22,11,2,2,0,0,0,1,1
102477811,150000,2024-06-22,11,1,2,0,0,0,1,1
97327651,150000,2024-04-18,11,1,2,0,0,0,1,2
97331924,200000,2024-04-18,11,2,1,0,0,0,1,1
99530760,180000,2024-05-20,11,1,2,0,0,0,1,1
99531774,72000,2024-05-20,11,1,3,0,0,0,1,1
101940740,150000,2024-06-14,11,1,2,0,0,0,1,1
101942535,90000,2024-06-14,11,4,1,0,0,0,1,1
101942577,120000,2024-06-14,11,1,1,0,0,0,1,1
96784001,100000,2024-04-12,11,1,1,0,0,0,1,1
96786680,163350,2024-04-12,11,1,1,0,0,0,1,2
102277454,350000,2024-06-19,11,2,2,0,0,0,1,1
102278426,95000,2024-06-19,11,2,1,0,0,0,1,1
102606624,150000,2024-06-24,11,1,1,0,0,0,1,1
102608862,350000,2024-06-24,11,2,2,0,0,0,1,1
101854597,200000,2024-06-13,11,1,4,0,0,0,1,1
101855471,180000,2024-06-13,11,1,1,0,0,0,1,1
102098917,65000,2024-06-17,11,2,1,0,0,0,1,2
102099667,165000,2024-06-17,11,1,1,0,0,0,1,1
102099826,300000,2024-06-17,11,2,2,0,0,0,1,1
102101518,75000,2024-06-17,11,1,1,0,0,0,1,1
101634858,85000,2024-06-10,11,1,1,0,0,0,1,1
102362708,90000,2024-06-20,11,3,1,0,0,0,3,1
102364769,60000,2024-06-20,11,2,1,0,0,0,1,1
101236939,160000,2024-06-04,11,1,1,0,0,0,1,1
97916065,70000,2024-04-25,11,1,1,0,0,0,1,1
97919569,100000,2024-04-25,11,2,1,0,0,0,1,1
97920027,120000,2024-04-25,11,2,1,0,0,0,1,1
97920154,140000,2024-04-25,11,1,1,1,0,0,1,1
99612335,80000,2024-05-21,11,1,1,0,0,0,1,1
99615355,45000,2024-05-21,11,2,1,0,0,0,1,1
99616623,200000,2024-05-21,11,1,2,0,0,0,1,1
99617312,50000,2024-05-21,11,2,3,0,0,0,1,1
99618325,80000,2024-05-21,11,2,1,0,0,0,1,8
98621175,130000,2024-05-08,11,1,1,0,0,0,1,1
98621694,150000,2024-05-08,11,2,1,0,0,0,1,2
100035335,150000,2024-05-24,11,1,2,0,0,0,1,1
96972192,200000,2024-04-15,11,1,1,0,0,0,1,2
96973715,80000,2024-04-15,11,2,1,0,0,0,1,2
96975996,70000,2024-04-15,11,1,1,0,0,0,1,1
96977002,200000,2024-04-15,11,1,1,0,0,0,1,1
99832626,140000,2024-05-22,11,1,2,0,0,0,1,1
99832992,120000,2024-05-22,11,2,1,0,0,0,1,1
99834724,88000,2024-05-22,11,2,1,0,0,0,1,1
99836079,200000,2024-05-22,11,2,2,0,0,0,1,1
100344958,110000,2024-05-27,11,1,1,0,0,0,1,1
100345982,200000,2024-05-27,11,2,1,0,0,0,1,1
100349860,180000,2024-05-27,11,1,3,0,0,0,1,1
100349954,350000,2024-05-27,11,3,2,0,0,0,1,1
98380810,250000,2024-05-04,11,2,2,0,0,0,1,1
101414930,200000,2024-06-06,11,1,1,0,0,0,1,1
101415037,135000,2024-06-06,11,1,1,0,0,0,1,2
101415318,250000,2024-06-06,11,1,1,0,0,0,1,1
98259163,260000,2024-05-02,11,2,2,0,1,0,1,1
100526238,45000,2024-05-29,11,4,3,0,0,0,3,1
100526269,100000,2024-05-29,11,1,3,0,0,0,2,1
100527539,160000,2024-05-29,11,1,3,1,0,0,1,1
100528255,360000,2024-05-29,11,2,1,0,0,0,1,1
100530314,160000,2024-05-29,11,2,2,0,0,0,1,1
100540305,200000,2024-05-29,11,2,1,0,0,0,1,2
96442512,120000,2024-04-08,11,2,2,0,0,0,1,2
96444177,120000,2024-04-08,11,1,1,0,0,0,1,1
100701080,110000,2024-05-30,11,2,1,0,0,0,1,1
100701389,250000,2024-05-30,11,1,2,0,0,0,1,1
100701890,300000,2024-05-30,11,1,2,0,0,0,1,1
98517962,100000,2024-05-07,11,1,2,0,0,0,1,1
98518110,100000,2024-05-07,11,1,1,0,0,0,1,1
99244203,550000,2024-05-17,11,2,2,0,0,0,1,1
99244810,300000,2024-05-17,11,1,2,0,0,0,1,1
101110182,150000,2024-06-03,11,1,1,0,0,0,1,1
101112936,60000,2024-06-03,11,1,1,0,0,0,1,1
101113396,350000,2024-06-03,11,1,2,0,0,0,1,8
101113503,275000,2024-06-03,11,1,1,0,0,0,1,8
101114820,100000,2024-06-03,11,1,1,0,0,0,1,1
102187544,230000,2024-06-18,11,1,1,0,0,0,1,1
101331659,300000,2024-06-05,11,1,2,0,0,0,1,1
101331704,250000,2024-06-05,11,2,2,0,0,0,1,1
97130595,100000,2024-04-16,11,1,1,0,0,0,1,2
97737915,100000,2024-04-23,11,1,1,0,0,0,1,1
101500652,200000,2024-06-07,11,2,1,0,0,0,1,1
96602237,150000,2024-04-10,11,1,2,0,0,0,1,1
96602400,55000,2024-04-10,11,1,3,0,0,0,1,1
96602444,120000,2024-04-10,11,1,1,0,0,0,1,1
96602727,260000,2024-04-10,11,1,2,0,0,0,1,1
96604653,120000,2024-04-10,11,1,2,0,0,0,1,2
98951834,150000,2024-05-15,11,1,1,0,0,0,1,1
98952520,180000,2024-05-15,11,1,1,0,0,0,1,1
98952550,80000,2024-05-15,11,1,1,0,0,0,1,1
98952769,100000,2024-05-15,11,1,3,0,1,0,1,1
98953498,420000,2024-05-15,11,1,1,0,0,0,1,1
98954400,270000,2024-05-15,11,1,2,0,0,0,1,1
98799894,270000,2024-05-13,11,1,2,0,0,0,1,2
98800091,150000,2024-05-13,11,1,1,0,0,0,1,1
98800518,80000,2024-05-13,11,1,1,0,0,0,1,1
98801720,180000,2024-05-13,11,1,1,0,0,0,1,1
97593222,150000,2024-04-22,11,1,2,0,0,0,1,1
97593554,150000,2024-04-22,11,1,2,0,0,0,1,1
101636627,104000,2024-06-10,11,1,1,0,0,0,1,2
101637095,300000,2024-06-10,11,2,4,0,0,0,1,1
101945262,70000,2024-06-14,11,2,2,0,0,0,1,1
102490579,100000,2024-06-23,11,2,2,1,0,0,1,1
102493505,60000,2024-06-23,11,2,1,0,0,0,1,2
99533433,350000,2024-05-20,11,2,2,0,0,0,1,1
99533900,90000,2024-05-20,11,4,3,0,0,0,1,1
99535166,150000,2024-05-20,11,2,1,0,0,0,1,2
101860647,230000,2024-06-13,11,2,1,0,0,0,1,1
101860706,140000,2024-06-13,11,2,1,0,0,0,1,1
99620359,200000,2024-05-21,11,2,2,0,0,0,3,2
99620396,90000,2024-05-21,11,1,1,0,0,0,1,2
102103973,35000,2024-06-17,11,2,1,0,0,0,1,1
97333846,80000,2024-04-18,11,1,1,0,0,0,1,1
97336112,110000,2024-04-18,11,1,1,0,0,0,1,2
97338036,200000,2024-04-18,11,1,1,0,0,0,1,1
102366167,500000,2024-06-20,11,2,2,0,0,0,1,1
102609495,260000,2024-06-24,11,2,2,0,0,0,1,1
102609692,130000,2024-06-24,11,1,1,0,0,0,1,2
102610987,80000,2024-06-24,11,1,3,0,1,0,1,1
101238689,170000,2024-06-04,11,1,1,0,1,0,1,1
101240752,60000,2024-06-04,11,2,1,0,0,0,1,1
101241403,200000,2024-06-04,11,1,1,0,1,0,1,1
98622865,230000,2024-05-08,11,1,2,0,0,0,1,1
98623638,62000,2024-05-08,11,4,3,0,0,0,1,1
98625972,115000,2024-05-08,11,1,1,0,0,0,1,1
98626145,70000,2024-05-08,11,1,2,1,0,0,1,1
100354624,270000,2024-05-27,11,1,2,0,0,0,1,1
100355477,170000,2024-05-27,11,1,1,0,0,0,1,1
97921620,20000,2024-04-25,11,2,3,0,0,0,3,1
97925444,100000,2024-04-25,11,1,1,0,0,0,1,1
97927179,250000,2024-04-25,11,1,1,0,0,0,1,8
98262963,200000,2024-05-02,11,1,2,0,0,0,1,1
102281568,80000,2024-06-19,11,1,1,0,0,0,1,1
102282438,38000,2024-06-19,11,3,3,0,1,0,2,8
102282534,50000,2024-06-19,11,1,1,0,0,0,1,1
98387958,80000,2024-05-04,11,3,2,0,0,0,1,2
98388796,150000,2024-05-04,11,2,3,0,0,0,1,1
100043458,100000,2024-05-24,11,1,2,0,0,0,1,2
100043644,80000,2024-05-24,11,1,1,0,0,0,1,1
100043726,300000,2024-05-24,11,2,3,1,0,0,4,1
100044303,90000,2024-05-24,11,1,1,0,0,0,1,1
100706354,350000,2024-05-30,11,1,2,0,0,0,1,1
101741081,100000,2024-06-11,11,2,1,0,0,0,1,1
96447225,150000,2024-04-09,11,1,2,0,0,0,1,8
96449215,280000,2024-04-09,11,1,2,0,0,0,1,2
96449488,140000,2024-04-09,11,1,1,0,0,0,1,1
96449538,200000,2024-04-09,11,1,2,0,0,0,1,1
96449655,60000,2024-04-09,11,1,1,0,0,0,1,1
96450951,120000,2024-04-09,11,1,1,0,0,0,1,1
98519694,90000,2024-05-07,11,1,1,0,0,0,1,1
98521209,80000,2024-05-07,11,2,1,0,0,0,1,2
98521858,150000,2024-05-07,11,2,1,0,0,0,1,1
98522398,40000,2024-05-07,11,1,3,0,0,0,1,1
101501111,70000,2024-06-07,11,1,3,0,0,0,1,1
101501688,90000,2024-06-07,11,1,3,0,0,0,1,1
101503661,250000,2024-06-07,11,1,1,0,0,0,1,1
101504120,50000,2024-06-07,11,2,1,1,0,0,1,2
101334169,180000,2024-06-05,11,1,1,0,0,0,1,2
101335083,120000,2024-06-05,11,2,1,0,0,0,1,2
101336871,82500,2024-06-05,11,1,1,0,0,0,1,1
102189894,35000,2024-06-18,11,1,1,0,0,0,1,2
96463037,600000,2024-04-15,11,3,3,0,0,0,1,1
99111086,65000,2024-05-16,11,1,2,0,0,0,1,2
99113211,250000,2024-05-16,11,2,2,0,0,0,1,1
99114510,200000,2024-05-16,11,1,3,0,0,0,1,1
96611597,300000,2024-04-10,11,1,1,0,0,0,1,1
97135968,350000,2024-04-16,11,2,2,0,0,0,1,1
97137423,190000,2024-04-16,11,1,1,0,0,0,1,2
97138276,150000,2024-04-16,11,1,1,0,0,0,1,2
97139707,100000,2024-04-16,11,2,1,0,0,0,1,8
97139900,60000,2024-04-16,11,2,1,0,0,0,1,1
97740543,100000,2024-04-23,11,1,2,0,0,0,1,8
97741679,200000,2024-04-23,11,1,1,0,0,0,1,1
97743858,220000,2024-04-24,11,1,2,0,0,0,1,1
97744920,170000,2024-04-24,11,3,1,0,0,0,2,1
98955597,150000,2024-05-15,11,1,1,0,0,0,1,1
98958370,100000,2024-05-15,11,3,1,0,0,0,1,1
98958371,120000,2024-05-15,11,1,1,0,0,0,1,2
101948438,180000,2024-06-14,11,1,1,0,0,0,1,1
101949989,100000,2024-06-14,11,1,1,0,0,0,1,1
97594316,150000,2024-04-22,11,1,2,0,0,0,1,2
97594767,230000,2024-04-22,11,2,2,0,0,0,1,1
97595835,175000,2024-04-22,11,2,2,0,0,0,1,1
97598942,250000,2024-04-22,11,1,2,0,0,0,1,1
97599108,500000,2024-04-22,11,3,2,0,0,0,1,1
97599194,350000,2024-04-22,11,3,2,0,0,0,1,1
102063569,200000,2024-06-23,11,1,2,0,0,0,1,1
102063580,200000,2024-06-23,11,1,2,0,0,0,1,1
102063634,200000,2024-06-23,11,1,2,0,0,0,1,1
101640376,120000,2024-06-10,11,1,1,0,0,0,1,1
101640725,250000,2024-06-10,11,1,2,0,0,0,1,2
101640856,210000,2024-06-10,11,2,2,0,0,0,1,8
98805235,100000,2024-05-13,11,1,1,0,0,0,1,1
98808263,160000,2024-05-13,11,1,2,0,0,0,1,1
98808361,100000,2024-05-13,11,1,2,0,0,0,1,1
96977596,300000,2024-04-15,11,1,2,0,0,0,1,1
96977624,280000,2024-04-15,11,1,2,0,0,0,1,1
96980133,128000,2024-04-15,11,1,2,0,0,0,1,1
96980191,120000,2024-04-15,11,1,1,0,1,0,1,1
96981850,400000,2024-04-15,11,1,4,0,0,0,1,1
102371445,100000,2024-06-20,11,1,1,0,0,0,1,2
102108232,200000,2024-06-17,11,1,1,0,0,0,1,1
102108940,120000,2024-06-17,11,1,1,0,0,0,1,1
102109058,150000,2024-06-17,11,2,1,0,0,0,1,2
101862574,150000,2024-06-13,11,1,1,0,0,0,1,1
97341171,80000,2024-04-18,11,2,1,0,0,0,1,2
97341228,200000,2024-04-18,11,1,1,0,0,0,1,1
97342587,50000,2024-04-18,11,1,3,0,0,0,2,1
97343112,123000,2024-04-18,11,1,1,0,0,0,1,1
97344020,350000,2024-04-18,11,1,2,0,0,0,1,8
102613483,100000,2024-06-25,11,1,1,0,0,0,1,1
102613554,160000,2024-06-25,11,1,2,0,0,0,1,2
102613960,250000,2024-06-25,11,1,2,0,0,0,1,1
102614961,100000,2024-06-25,11,2,1,0,0,0,1,1
102569086,190000,2024-06-25,11,1,1,0,0,0,1,1
100561807,270000,2024-05-29,11,2,2,0,0,0,1,1
101241447,100000,2024-06-04,11,1,1,0,0,0,1,1
99254063,300000,2024-05-17,11,1,1,0,0,0,1,1
99255106,100000,2024-05-17,11,2,1,0,0,0,1,2
98407787,60000,2024-05-05,11,2,1,0,0,0,1,1
100047038,90000,2024-05-24,11,2,2,0,0,0,1,1
100051530,250000,2024-05-24,11,3,2,0,0,0,1,1
100053194,90000,2024-05-24,11,1,1,0,0,0,1,1
100359519,190000,2024-05-27,11,1,2,0,0,0,1,1
100359889,150000,2024-05-27,11,2,1,0,0,0,1,2
100360725,138000,2024-05-27,11,2,1,0,0,0,1,1
100362981,80000,2024-05-27,11,1,1,0,0,0,1,1
97929588,110000,2024-04-26,11,1,1,0,0,0,1,2
97929624,150000,2024-04-26,11,1,1,0,0,0,1,1
97929737,91500,2024-04-26,11,1,1,0,0,0,1,1
97932414,140000,2024-04-26,11,1,1,0,0,0,1,1
97932865,100000,2024-04-26,11,1,1,0,0,0,1,1
97933337,230000,2024-04-26,11,2,2,0,0,0,1,1
97933652,200000,2024-04-26,11,1,1,0,0,0,1,1
98525155,150000,2024-05-07,11,1,1,0,0,0,1,1
102283049,120000,2024-06-19,11,2,1,0,0,0,1,1
102283579,350000,2024-06-19,11,2,2,0,0,0,1,1
102285756,45000,2024-06-19,11,2,1,0,0,0,1,1
100710200,200000,2024-05-30,11,1,2,0,0,0,1,2
100711468,150000,2024-05-30,11,1,1,0,0,0,1,1
100712464,60000,2024-05-30,11,1,3,0,0,0,1,1
98628435,250000,2024-05-08,11,1,1,0,0,0,1,1
98628876,160000,2024-05-08,11,1,2,0,0,0,1,1
98629318,300000,2024-05-08,11,1,2,0,0,0,1,1
101743063,200000,2024-06-11,11,1,1,0,0,0,1,1
101743129,90000,2024-06-11,11,1,3,0,0,0,1,1
101744886,55000,2024-06-11,11,1,3,0,0,0,1,1
99844980,60000,2024-05-22,11,1,1,0,0,0,1,2
99845341,180000,2024-05-22,11,1,2,0,0,0,1,1
99845785,90000,2024-05-22,11,2,1,0,0,0,1,2
99845891,60000,2024-05-22,11,1,1,0,0,0,1,2
99847341,150000,2024-05-22,11,1,1,0,0,0,1,2
99848603,250000,2024-05-22,11,2,2,0,0,0,1,1
99849106,350000,2024-05-22,11,2,2,0,0,0,1,2
101507439,150000,2024-06-07,11,2,2,0,0,0,1,2
101337826,60000,2024-06-05,11,2,1,0,0,0,1,2
101332000,100000,2024-06-05,11,1,3,0,1,0,1,1
96452505,140000,2024-04-09,11,1,2,0,0,0,1,1
96452930,80000,2024-04-09,11,2,1,0,0,0,1,2
96456183,150000,2024-04-09,11,1,1,0,0,0,1,1
96456569,80000,2024-04-09,11,1,1,0,0,0,1,2
96458344,110000,2024-04-09,11,1,1,0,0,0,1,1
96459955,50000,2024-04-09,11,2,3,0,0,0,1,1
96461021,130000,2024-04-09,11,2,1,0,0,0,1,2
96462375,300000,2024-04-09,11,1,1,0,0,0,1,1
102192610,79400,2024-06-18,11,1,1,0,0,0,1,1
102192727,93000,2024-06-18,11,4,1,0,0,0,1,1
98266543,100000,2024-05-03,11,2,1,0,0,0,1,1
98268206,270000,2024-05-03,11,2,2,0,0,0,1,1
98268357,280000,2024-05-03,11,2,1,0,0,0,1,1
99119085,200000,2024-05-16,11,1,1,0,0,0,1,1
99119705,200000,2024-05-16,11,2,1,0,0,0,1,1
98963651,80000,2024-05-15,11,2,1,1,0,0,1,1
98965039,50000,2024-05-15,11,2,3,0,0,0,1,1
98969977,30000,2024-05-15,11,1,1,0,0,0,3,1
97747985,100000,2024-04-24,11,1,1,0,0,0,1,1
97751921,150000,2024-04-24,11,2,2,0,0,0,1,8
101950310,80000,2024-06-14,11,2,3,0,0,0,1,1
101951116,80000,2024-06-14,11,2,1,0,0,0,1,1
101951273,200000,2024-06-14,11,1,1,0,0,0,1,1
101951441,200000,2024-06-14,11,1,1,0,0,0,1,2
101952696,50000,2024-06-14,11,2,1,0,0,0,3,2
102526871,130000,2024-06-24,11,1,3,0,0,0,1,1
102131023,550000,2024-06-24,11,3,3,0,0,0,1,1
102527452,86000,2024-06-24,11,2,1,0,0,0,3,2
102528542,120000,2024-06-24,11,1,2,0,0,0,1,1
97142426,320000,2024-04-17,11,1,2,0,0,0,1,1
97142505,150000,2024-04-17,11,1,1,0,0,0,1,1
97144006,223000,2024-04-17,11,1,2,0,1,0,1,1
97145094,120000,2024-04-17,11,1,1,0,0,0,1,2
97145172,100000,2024-04-17,11,1,1,0,0,0,1,1
97145405,100000,2024-04-17,11,1,2,0,0,0,1,2
97147861,50000,2024-04-17,11,2,1,0,0,0,1,1
97147893,90000,2024-04-17,11,1,1,0,0,0,1,2
97148580,80000,2024-04-17,11,1,1,0,0,0,1,2
97599907,120000,2024-04-22,11,1,1,0,0,0,1,2
97599935,88000,2024-04-22,11,2,1,0,0,0,1,1
97600008,140000,2024-04-22,11,1,1,0,0,0,1,2
97600760,50000,2024-04-22,11,1,3,0,0,0,1,1
96612253,170000,2024-04-10,11,1,2,0,0,0,1,2
96613408,85000,2024-04-10,11,1,3,0,0,0,1,1
96614801,172000,2024-04-10,11,1,1,0,0,0,1,1
96616596,80000,2024-04-10,11,1,1,0,0,0,1,1
101645515,150000,2024-06-10,11,1,1,0,0,0,1,1
101646036,200000,2024-06-10,11,3,1,0,0,0,2,1
101646809,100000,2024-06-10,11,1,1,0,0,0,1,1
101646837,180000,2024-06-10,11,1,2,0,0,0,1,2
98810603,230000,2024-05-13,11,2,1,0,0,0,1,8
99660542,100000,2024-05-21,11,2,1,0,0,0,3,2
96985820,250000,2024-04-15,11,1,2,0,0,0,1,1
96988350,150000,2024-04-15,11,1,1,0,0,0,1,1
102112547,70000,2024-06-17,11,1,1,0,0,0,1,2
102372599,50000,2024-06-20,11,1,3,0,0,0,1,2
102373013,120000,2024-06-20,11,1,1,0,0,0,1,1
102373349,150000,2024-06-20,11,1,2,0,0,0,1,2
102373966,62000,2024-06-20,11,4,3,0,0,0,1,1
101424024,80000,2024-06-06,11,1,1,0,0,0,1,2
101426544,200000,2024-06-06,11,1,2,0,0,0,1,1
101866651,120000,2024-06-13,11,1,2,0,0,0,1,1
98412916,60000,2024-05-06,11,1,3,0,0,0,1,2
98414240,150000,2024-05-06,11,1,2,0,0,0,1,1
102617439,100000,2024-06-25,11,2,1,1,0,0,1,2
102617892,212000,2024-06-25,11,1,2,0,0,0,1,1
102618242,110000,2024-06-25,11,2,1,0,0,0,1,8
102618749,80000,2024-06-25,11,1,3,0,0,0,1,1
102620922,60000,2024-06-25,11,1,3,0,1,0,1,8
100567405,65000,2024-05-29,11,2,1,0,0,0,1,2
100571386,120000,2024-05-29,11,2,1,0,0,0,1,1
99257447,180000,2024-05-17,11,1,2,0,0,0,1,2
99258978,180000,2024-05-17,11,1,2,0,0,0,1,2
101246616,100000,2024-06-04,11,1,1,0,0,0,1,2
97346104,80000,2024-04-18,11,1,1,0,0,0,1,2
97346149,90000,2024-04-18,11,1,1,0,0,0,1,2
97346169,85000,2024-04-18,11,1,1,1,0,0,1,2
97350382,150000,2024-04-19,11,1,1,0,0,0,1,1
97350733,230000,2024-04-19,11,1,2,0,0,0,1,1
97937405,300000,2024-04-26,11,2,2,0,0,0,1,1
97939204,70000,2024-04-26,11,1,1,0,0,0,1,1
100055775,200000,2024-05-24,11,1,2,0,0,0,1,1
100055776,120000,2024-05-24,11,1,1,0,0,0,1,1
99567109,100000,2024-05-24,11,1,1,0,0,0,2,1
99568212,100000,2024-05-24,11,1,1,0,0,0,2,2
100058143,84000,2024-05-24,11,1,1,0,0,0,1,1
100059361,150000,2024-05-24,11,1,2,0,0,0,1,1
100059559,250000,2024-05-24,11,1,2,0,0,0,1,1
100060772,100000,2024-05-24,11,1,1,0,0,0,1,1
100716562,80000,2024-05-30,11,2,1,0,0,0,1,1
100717684,100000,2024-05-30,11,1,2,0,0,0,1,1
100369195,160000,2024-05-27,11,1,2,0,0,0,1,1
100371027,300000,2024-05-27,11,1,2,1,0,0,1,1
98527850,40000,2024-05-07,11,1,3,0,0,0,3,2
98529039,50000,2024-05-07,11,2,1,0,0,0,1,1
98529054,280000,2024-05-07,11,2,2,0,0,0,1,1
98633394,50000,2024-05-09,11,2,1,0,0,0,1,1
101509441,100000,2024-06-07,11,1,1,0,0,0,1,1
101341334,95000,2024-06-05,11,1,1,0,0,0,1,8
99849884,80000,2024-05-22,11,4,2,0,0,0,1,2
99851580,180000,2024-05-22,11,2,1,0,0,0,1,1
99851671,80000,2024-05-22,11,1,1,0,0,0,1,1
99852047,200000,2024-05-22,11,1,2,0,0,0,1,1
99852674,60000,2024-05-22,11,1,2,0,0,0,1,1
99854481,110000,2024-05-22,11,1,1,0,0,0,1,1
99854907,130000,2024-05-22,11,1,2,0,0,0,1,2
96465162,120000,2024-04-09,11,1,2,0,0,0,1,1
96466138,150000,2024-04-09,11,2,1,0,0,0,1,2
102197208,120000,2024-06-18,11,1,1,0,0,0,1,2
102197531,300000,2024-06-18,11,2,2,1,0,0,1,1
102198750,93000,2024-06-18,11,1,1,0,0,0,1,1
98270566,150000,2024-05-03,11,1,2,0,0,0,1,8
98272732,85000,2024-05-03,11,1,1,0,0,0,1,1
98272794,120000,2024-05-03,11,1,2,0,0,0,1,8
98638458,400000,2024-05-15,11,1,3,0,0,0,1,2
98990244,200000,2024-05-15,11,1,2,0,0,0,1,1
99123594,90000,2024-05-16,11,1,1,0,0,0,1,1
97753578,150000,2024-04-24,11,1,2,0,0,0,1,2
97762056,450000,2024-04-24,11,1,1,0,0,0,1,2
101956785,150000,2024-06-15,11,1,1,0,0,0,1,1
97149635,45000,2024-04-17,11,2,3,0,0,0,1,1
97150450,110000,2024-04-17,11,1,1,0,0,0,1,1
97151897,80000,2024-04-17,11,1,1,0,0,0,1,2
97152360,60000,2024-04-17,11,2,1,0,0,0,1,2
97156268,150000,2024-04-17,11,2,1,0,0,0,1,2
97165936,120000,2024-04-17,11,1,1,0,0,0,3,2
97169435,100000,2024-04-17,11,1,1,0,0,0,1,1
101650578,250000,2024-06-10,11,1,2,0,0,0,1,1
96617718,200000,2024-04-10,11,1,2,0,0,0,1,1
96618791,150000,2024-04-10,11,2,2,0,0,0,1,2
96619507,160000,2024-04-10,11,1,1,0,0,0,1,2
96619551,100000,2024-04-10,11,2,1,0,0,0,1,2
96620892,150000,2024-04-10,11,1,1,0,0,0,1,1
98814324,70000,2024-05-13,11,1,3,0,0,0,1,2
98815495,100000,2024-05-13,11,1,1,0,0,0,1,1
98816454,230000,2024-05-13,11,1,2,0,0,0,1,1
101869430,180000,2024-06-13,11,1,2,0,0,0,1,2
99663743,250000,2024-05-21,11,1,2,0,0,0,1,1
96989718,180000,2024-04-15,11,2,2,0,0,0,1,1
96990361,160000,2024-04-15,11,1,1,0,0,0,1,1
96992319,220000,2024-04-15,11,2,2,0,1,0,1,1
101428124,140000,2024-06-06,11,2,1,0,0,0,1,2
101429971,70000,2024-06-06,11,2,1,0,0,0,1,2
102375895,75000,2024-06-21,11,1,1,0,0,0,1,1
97605223,120000,2024-04-22,11,2,1,0,0,0,1,1
97603415,220000,2024-04-22,11,1,4,0,1,0,1,1
97609364,260000,2024-04-22,11,2,2,0,0,0,1,2
102621780,100000,2024-06-25,11,1,1,0,0,0,1,2
102622180,350000,2024-06-25,11,1,1,0,0,0,1,1
102623146,150000,2024-06-25,11,1,2,0,0,0,1,1
102623150,130000,2024-06-25,11,1,2,0,0,0,1,2
102624534,40000,2024-06-25,11,1,3,0,0,0,1,1
102624610,80000,2024-06-25,11,1,1,0,0,0,1,1
102624835,120000,2024-06-25,11,2,1,0,0,0,1,1
102626241,90000,2024-06-25,11,1,2,0,0,0,1,1
102223852,550000,2024-06-25,11,3,3,0,0,0,1,1
100573901,500000,2024-05-29,11,1,4,0,0,0,1,1
100575574,160000,2024-05-29,11,1,2,0,0,0,1,1
99264403,150000,2024-05-17,11,2,1,0,0,0,1,1
99264971,180000,2024-05-17,11,1,1,0,0,0,1,1
101250267,200000,2024-06-04,11,1,2,0,0,0,1,8
101250392,200000,2024-06-04,11,1,2,0,0,0,1,8
101250978,120000,2024-06-04,11,2,1,0,0,0,1,1
101252424,200000,2024-06-04,11,1,2,0,0,0,1,1
101252533,200000,2024-06-04,11,1,2,0,0,0,1,1
97959407,80000,2024-04-26,11,2,2,0,0,0,1,2
97963528,310000,2024-04-26,11,1,2,0,0,0,1,1
100063147,120000,2024-05-24,11,1,2,0,0,0,1,2
100066671,150000,2024-05-24,11,1,2,0,0,0,1,2
98533010,200000,2024-05-07,11,1,2,0,0,0,1,2
98533850,130000,2024-05-07,11,2,1,0,0,0,1,1
100373360,180000,2024-05-27,11,1,1,0,0,0,1,1
100374729,180000,2024-05-27,11,3,2,0,0,0,1,8
100375194,90000,2024-05-27,11,1,1,0,0,0,1,1
100376816,70000,2024-05-27,11,2,1,0,0,0,3,2
101751325,400000,2024-06-11,11,2,2,0,1,0,3,2
101751400,120000,2024-06-11,11,1,2,0,0,0,1,2
101751734,35000,2024-06-11,11,2,1,0,0,0,1,1
101752907,100000,2024-06-11,11,1,2,0,0,0,1,1
97354708,105000,2024-04-19,11,1,1,0,0,0,1,1
96839649,600000,2024-04-19,11,3,3,0,0,0,1,1
97356757,190000,2024-04-19,11,2,1,0,0,0,1,1
98280045,135000,2024-05-03,11,1,2,0,0,0,1,1
100721527,39000,2024-05-30,11,2,3,1,0,0,1,1
100723564,160000,2024-05-30,11,1,2,0,0,0,1,2
101511379,90000,2024-06-07,11,1,1,0,0,0,1,1
101512294,230000,2024-06-07,11,2,2,0,0,0,1,1
101512772,150000,2024-06-07,11,1,1,0,0,0,1,1
101512891,50000,2024-06-07,11,2,1,0,0,0,3,1
102289942,270000,2024-06-19,11,3,1,0,0,0,1,8
102291152,90000,2024-06-19,11,1,1,0,0,0,1,1
102291915,75000,2024-06-19,11,1,1,0,0,0,1,1
102292820,180000,2024-06-19,11,1,1,0,0,0,1,8
102293099,120000,2024-06-19,11,1,1,0,0,0,1,1
96488321,100000,2024-04-09,11,1,1,0,0,0,1,1
102199438,50000,2024-06-18,11,3,3,1,0,0,3,1
102199780,120000,2024-06-18,11,1,1,0,0,0,1,1
102200359,100000,2024-06-18,11,1,1,0,0,0,2,1
102200422,70000,2024-06-18,11,1,1,0,0,0,1,1
102202306,500000,2024-06-18,11,1,2,1,0,0,1,1
99851053,100000,2024-05-22,11,1,1,0,0,0,1,1
99856607,175000,2024-05-22,11,2,2,0,0,0,1,1
99858264,120000,2024-05-22,11,1,1,0,0,0,1,1
99858701,80000,2024-05-22,11,1,1,0,0,0,1,2
102551287,200000,2024-06-24,11,1,1,0,0,0,1,1
102552577,230000,2024-06-24,11,1,1,0,0,0,1,1
101957617,90000,2024-06-15,11,2,1,0,0,0,1,1
101957667,75000,2024-06-15,11,1,3,0,0,0,1,2
101958187,120000,2024-06-15,11,2,2,0,0,0,1,2
101960958,200000,2024-06-15,11,1,1,0,0,0,1,1
101651528,150000,2024-06-10,11,1,1,0,0,0,1,1
101652385,150000,2024-06-10,11,1,2,0,0,0,1,1
101653428,80000,2024-06-10,11,2,1,0,0,0,1,1
101654875,80000,2024-06-10,11,1,1,0,0,0,1,1
97177412,200000,2024-04-17,11,2,1,0,0,0,1,2
99126672,75000,2024-05-16,11,3,2,0,0,0,1,1
99128037,170000,2024-05-16,11,2,2,0,0,0,1,1
99128287,91500,2024-05-16,11,1,1,0,0,0,1,1
97778492,200000,2024-04-24,11,1,2,0,0,0,1,1
97778496,60000,2024-04-24,11,1,1,0,0,0,1,1
97784359,80000,2024-04-24,11,2,1,1,0,0,1,1
98820596,120000,2024-05-13,11,1,1,0,1,0,1,2
96994707,130000,2024-04-15,11,1,1,0,1,0,1,1
96996640,40000,2024-04-15,11,1,3,0,1,0,1,1
96997630,183579,2024-04-15,11,1,3,0,0,0,1,1
96998949,152000,2024-04-15,11,1,2,0,0,0,1,2
99670701,330000,2024-05-21,11,2,1,0,0,0,1,1
99671370,370000,2024-05-21,11,2,2,0,0,0,1,1
96622994,85000,2024-04-10,11,1,1,0,0,0,1,1
96623958,185000,2024-04-10,11,1,2,0,0,0,1,2
102379645,180000,2024-06-21,11,1,1,0,0,0,1,1
102380566,100000,2024-06-21,11,1,1,0,0,0,1,1
102380992,60000,2024-06-21,11,2,1,0,0,0,1,2
102382218,80000,2024-06-21,11,2,1,1,0,0,1,1
102387943,30000,2024-06-21,11,1,1,0,0,0,1,2
102641704,200000,2024-06-25,11,2,1,0,0,0,1,1
97610465,80000,2024-04-22,11,1,3,0,0,0,1,1
97612083,250000,2024-04-22,11,1,2,0,0,0,1,1
97612590,200000,2024-04-22,11,1,1,0,0,0,1,1
97613001,100000,2024-04-22,11,1,2,0,0,0,1,1
97613465,200000,2024-04-22,11,1,2,0,0,0,1,1
97615352,130000,2024-04-22,11,2,1,0,1,0,1,8
100576801,300000,2024-05-29,11,1,2,0,0,0,1,1
100577498,100000,2024-05-29,11,3,2,0,0,0,3,1
98289428,200000,2024-05-03,11,1,1,0,0,0,1,1
101253715,115000,2024-06-04,11,1,1,0,0,0,1,1
97362034,93500,2024-04-19,11,1,1,0,0,0,1,1
97362227,40000,2024-04-19,11,3,1,0,0,0,3,2
97364218,80000,2024-04-19,11,2,1,0,0,0,1,2
98652118,200000,2024-05-09,11,1,1,0,0,0,1,2
98653916,100000,2024-05-09,11,2,3,0,0,0,1,1
98654152,400000,2024-05-09,11,1,2,0,0,0,1,2
98357520,350000,2024-05-09,11,1,3,0,0,0,1,1
98358149,550000,2024-05-09,11,1,3,0,0,0,1,2
98660784,30000,2024-05-10,11,1,3,0,0,0,3,1
98534830,250000,2024-05-07,11,2,2,0,0,0,1,1
98536142,140000,2024-05-07,11,1,1,0,0,0,1,1
97967567,220000,2024-04-26,11,1,2,0,0,0,1,1
100384152,350000,2024-05-27,11,1,2,0,0,0,1,1
100385378,120000,2024-05-27,11,1,1,0,0,0,1,8
100068232,100000,2024-05-24,11,1,1,0,0,0,1,1
100068260,95200,2024-05-24,11,1,1,0,0,0,1,1
100069293,105000,2024-05-24,11,1,1,0,0,0,1,1
100074955,200000,2024-05-24,11,1,1,0,0,0,1,1
101515295,150000,2024-06-07,11,1,1,0,0,0,1,8
101516186,150000,2024-06-07,11,1,3,0,0,0,1,1
101516312,280000,2024-06-07,11,2,2,0,0,0,1,1
101517745,80000,2024-06-07,11,2,1,0,0,0,1,1
101517747,60000,2024-06-07,11,2,1,0,0,0,1,2
101517904,140000,2024-06-07,11,1,1,0,0,0,1,1
100729597,150000,2024-05-30,11,1,1,0,0,0,1,1
102204062,200000,2024-06-18,11,1,1,0,0,0,1,8
102205356,60000,2024-06-18,11,1,3,0,0,0,1,2
102205469,130000,2024-06-18,11,2,1,0,0,0,1,1
102294897,140000,2024-06-19,11,1,1,0,0,0,1,1
102296198,76000,2024-06-19,11,1,3,0,0,0,1,1
102297724,250000,2024-06-20,11,1,1,0,0,0,1,1
99861906,38000,2024-05-23,11,3,3,0,1,0,2,1
99863241,120000,2024-05-23,11,1,1,0,0,0,1,1
99864534,103449,2024-05-23,11,1,1,0,0,0,1,1
99868393,50000,2024-05-23,11,3,3,0,0,0,2,1
98822220,100000,2024-05-13,11,1,3,0,0,0,1,2
98822768,200000,2024-05-13,11,2,2,0,0,0,1,1
98822788,120000,2024-05-13,11,1,2,0,0,0,1,2
98823602,100000,2024-05-13,11,2,2,0,0,0,1,1
99132541,170000,2024-05-16,11,2,1,0,0,0,1,1
99134070,100000,2024-05-16,11,2,1,0,0,0,1,8
99135432,100000,2024-05-16,11,1,2,0,0,0,1,1
101963824,150000,2024-06-15,11,2,2,0,0,0,1,8
101967093,230000,2024-06-15,11,1,1,0,0,0,1,1
101969009,70000,2024-06-15,11,1,1,0,0,0,1,1
99676811,220000,2024-05-21,11,1,1,0,0,0,1,1
99678057,130000,2024-05-21,11,2,1,0,0,0,1,1
99678637,95000,2024-05-21,11,2,2,0,0,0,1,2
97785546,150000,2024-04-24,11,2,1,0,0,0,1,1
97787517,120000,2024-04-24,11,1,3,0,0,0,1,1
97789111,150000,2024-04-24,11,2,2,0,0,0,1,2
97789643,80000,2024-04-24,11,2,3,0,1,0,1,1
97183890,200000,2024-04-17,11,1,4,0,0,0,1,2
97002467,105000,2024-04-15,11,1,2,0,0,0,1,1
97003421,130000,2024-04-15,11,2,1,0,1,0,1,2
97004050,250000,2024-04-15,11,1,4,0,0,0,1,1
97004827,75000,2024-04-15,11,1,3,0,0,0,1,2
102644866,200000,2024-06-25,11,1,1,0,0,0,1,1
100581593,275000,2024-05-29,11,1,1,0,0,0,1,1
100581829,250000,2024-05-29,11,1,2,0,0,0,1,1
100583853,110000,2024-05-29,11,1,2,0,0,0,1,2
101257686,100000,2024-06-04,11,1,1,0,0,0,1,1
96629567,40000,2024-04-10,11,2,1,1,0,0,1,1
96632011,100000,2024-04-10,11,2,3,0,0,0,1,2
97390429,30000,2024-04-19,11,2,1,0,0,0,1,1
98431244,138000,2024-05-06,11,1,1,0,0,0,1,1
98672572,30000,2024-05-10,11,3,3,0,0,0,1,2
98677051,150000,2024-05-10,11,1,1,0,0,0,1,1
100387787,200000,2024-05-27,11,2,1,0,0,0,1,1
100388354,90000,2024-05-27,11,1,1,0,0,0,1,1
100391717,250000,2024-05-27,11,1,1,0,0,0,1,1
97620541,150000,2024-04-22,11,1,2,0,0,0,1,1
97620790,350000,2024-04-22,11,1,1,0,0,0,1,1
98540022,85730,2024-05-07,11,1,3,0,0,0,1,1
100080002,185000,2024-05-24,11,2,1,0,0,0,1,1
100082294,150000,2024-05-24,11,1,2,0,0,0,1,2
97974260,150000,2024-04-26,11,2,1,1,0,0,1,1
97975166,170000,2024-04-26,11,1,2,0,0,0,1,1
97976458,50000,2024-04-26,11,1,1,0,0,0,1,2
102300636,100000,2024-06-20,11,1,1,0,0,0,1,2
102300807,300000,2024-06-20,11,1,1,0,0,0,1,1
102301286,80000,2024-06-20,11,2,1,0,0,0,3,2
102301413,150000,2024-06-20,11,1,1,0,0,0,1,1
102302270,150000,2024-06-20,11,2,1,0,0,0,1,2
102302346,140000,2024-06-20,11,2,2,0,0,0,1,1
102302650,100000,2024-06-20,11,1,1,0,0,0,1,2
98298005,126000,2024-05-03,11,1,1,1,0,0,1,1
100731754,120000,2024-05-30,11,1,2,0,0,0,1,2
100734499,100000,2024-05-30,11,1,1,0,0,0,1,1
99872024,80000,2024-05-23,11,2,1,0,0,0,1,1
99885757,270000,2024-05-23,11,2,2,0,0,0,1,8
99137752,100000,2024-05-16,11,3,4,1,0,0,3,2
99138706,140000,2024-05-16,11,1,1,0,0,0,1,2
99140373,80000,2024-05-16,11,1,3,1,0,0,1,1
99681723,180000,2024-05-21,11,1,3,1,0,0,1,1
99684787,150000,2024-05-21,11,1,1,0,0,0,1,1
101971145,120000,2024-06-15,11,2,1,0,0,0,1,2
101988628,250000,2024-06-15,11,1,1,0,0,0,1,8
97793392,88000,2024-04-24,11,3,3,0,0,0,2,2
97192031,113000,2024-04-17,11,1,1,0,0,0,1,1
97192524,150000,2024-04-17,11,2,4,0,0,0,3,2
97192678,550000,2024-04-17,11,2,2,0,0,0,1,1
97193692,92000,2024-04-17,11,1,1,0,0,0,1,1
99276497,115000,2024-05-17,11,1,1,0,0,0,1,2
99278357,120000,2024-05-17,11,1,3,0,0,0,1,2
100586691,115000,2024-05-29,11,1,1,0,0,0,1,1
100588450,110000,2024-05-29,11,2,1,0,0,0,1,1
100589139,150000,2024-05-29,11,1,2,0,1,0,1,1
100589442,150000,2024-05-29,11,1,2,0,0,0,1,2
100590171,280000,2024-05-29,11,1,2,0,0,0,1,1
98679518,110000,2024-05-10,11,1,1,0,0,0,1,2
98684952,90000,2024-05-11,11,1,2,0,0,0,4,2
98436117,84355,2024-05-06,11,1,1,0,0,0,1,1
98437541,70000,2024-05-06,11,1,3,0,0,0,1,1
98437983,90000,2024-05-06,11,1,1,0,0,0,1,2
102651357,250000,2024-06-25,11,1,2,0,0,0,1,1
102652718,110000,2024-06-25,11,1,1,0,0,0,1,1
102653404,125000,2024-06-25,11,2,1,0,0,0,1,2
102653949,155000,2024-06-25,11,2,1,0,0,0,1,1
102654168,120000,2024-06-25,11,1,2,0,0,0,1,2
102654555,300000,2024-06-25,11,1,2,1,0,0,1,1
98545827,200000,2024-05-07,11,1,1,0,0,0,1,2
96634083,50000,2024-04-10,11,2,1,0,0,0,1,2
96634507,60000,2024-04-10,11,1,1,0,0,0,1,1
96634879,230000,2024-04-10,11,2,1,0,0,0,1,1
96637379,120000,2024-04-10,11,1,1,0,0,0,1,1
97393624,50000,2024-04-19,11,1,3,0,0,0,1,1
97394798,250000,2024-04-19,11,1,1,0,0,0,1,8
97400115,180000,2024-04-19,11,1,1,0,0,0,1,2
100395063,100000,2024-05-27,11,1,3,0,0,0,1,1
100396708,170000,2024-05-28,11,2,2,0,0,0,1,1
100396740,240000,2024-05-28,11,1,1,0,0,0,1,8
100398540,210000,2024-05-28,11,1,2,0,0,0,1,1
100399340,115000,2024-05-28,11,1,1,0,0,0,1,1
100400045,100000,2024-05-28,11,1,1,0,0,0,1,1
100082446,100000,2024-05-24,11,1,1,0,0,0,1,1
100084851,110000,2024-05-24,11,2,1,0,0,0,1,1
100085885,160000,2024-05-24,11,1,1,0,1,0,1,2
97979308,120000,2024-04-26,11,1,1,0,0,0,1,1
97980711,180000,2024-04-26,11,1,1,0,0,0,1,2
97980755,80000,2024-04-26,11,1,1,0,0,0,1,1
97982515,300000,2024-04-26,11,2,2,0,0,0,1,1
97982985,120000,2024-04-26,11,1,1,0,0,0,1,1
97984207,250000,2024-04-26,11,2,2,0,0,0,1,1
97622378,200000,2024-04-22,11,1,2,0,0,0,1,1
97623314,130000,2024-04-22,11,1,2,0,0,0,1,2
97623366,110000,2024-04-22,11,1,1,0,0,0,1,8
97624802,70000,2024-04-22,11,1,1,0,0,0,1,1
97626359,110000,2024-04-22,11,2,1,0,0,0,1,1
100736592,170000,2024-05-30,11,1,1,0,0,0,1,1
100737954,10000,2024-05-31,11,2,3,0,0,0,2,1
99686297,180000,2024-05-21,11,1,1,0,0,0,1,1
99688133,250000,2024-05-21,11,1,2,0,0,0,1,1
99688544,172000,2024-05-21,11,2,1,0,0,0,1,1
99281780,70000,2024-05-17,11,1,3,0,0,0,1,1
97196188,60000,2024-04-17,11,1,1,0,0,0,1,1
97197930,65000,2024-04-17,11,2,3,0,0,0,1,1
97797151,280000,2024-04-24,11,2,1,0,0,0,1,1
97800161,200000,2024-04-24,11,1,2,0,0,0,1,1
97802651,80000,2024-04-24,11,2,1,0,0,0,1,2
97013104,200000,2024-04-15,11,1,2,0,0,0,1,1
97014353,120000,2024-04-15,11,1,2,0,0,0,1,1
98547796,210000,2024-05-07,11,1,2,0,0,0,1,8
98549281,120000,2024-05-07,11,1,1,0,0,0,1,1
98549425,72000,2024-05-07,11,1,1,0,0,0,1,2
98549727,150000,2024-05-07,11,2,2,0,0,0,1,1
102657754,100000,2024-06-25,11,1,1,0,0,0,1,1
102658623,200000,2024-06-25,11,1,1,0,0,0,1,2
102659206,80000,2024-06-25,11,1,1,1,0,0,1,1
102659262,60000,2024-06-25,11,1,3,0,0,0,1,1
96639716,80000,2024-04-10,11,1,1,0,0,0,1,2
96640310,200000,2024-04-11,11,1,2,0,0,0,1,1
96642591,240000,2024-04-11,11,1,1,0,0,0,1,1
96643536,150000,2024-04-11,11,1,1,0,0,0,1,1
96644396,55000,2024-04-11,11,1,3,0,0,0,1,1
100402042,120000,2024-05-28,11,1,1,0,0,0,1,2
100403058,100000,2024-05-28,11,1,1,0,0,0,3,1
100409975,140000,2024-05-28,11,1,1,0,0,0,1,2
100414108,160000,2024-05-28,11,1,2,0,0,0,1,8
100417739,40000,2024-05-28,11,2,1,1,0,0,1,1
100089459,180000,2024-05-24,11,1,1,0,0,0,1,1
100092137,250000,2024-05-24,11,2,2,0,0,0,1,2
100094339,250000,2024-05-24,11,2,2,0,0,0,1,1
100094355,140000,2024-05-24,11,1,2,0,0,0,1,1
100741266,150000,2024-05-31,11,1,3,0,0,0,1,2
97629356,100000,2024-04-22,11,2,1,0,0,0,1,2
97630338,280000,2024-04-22,11,1,2,0,0,0,1,1
97631655,300000,2024-04-22,11,1,1,0,0,0,1,1
97631740,80000,2024-04-22,11,1,3,0,1,0,1,1
97985753,250000,2024-04-26,11,2,2,0,0,0,1,1
97987294,150000,2024-04-26,11,1,1,0,0,0,1,1
97200861,60000,2024-04-17,11,1,3,0,0,0,1,2
97201308,230000,2024-04-17,11,1,2,0,0,0,1,1
97201594,120000,2024-04-17,11,1,1,0,0,0,1,2
97203979,84000,2024-04-17,11,1,1,0,0,0,1,1
97204672,160000,2024-04-17,11,1,1,0,0,0,1,1
99694416,500000,2024-05-21,11,2,2,0,0,0,1,1
100753226,230000,2024-05-31,11,1,2,0,0,0,1,1
97018856,60000,2024-04-15,11,1,1,0,0,0,1,1
102664903,200000,2024-06-25,11,2,2,0,0,0,1,1
102666421,120000,2024-06-25,11,3,1,0,0,0,1,1
97992833,20000,2024-04-26,11,1,3,0,0,0,2,2
97994382,120000,2024-04-26,11,1,1,0,0,0,1,1
97996490,120000,2024-04-26,11,3,1,0,0,0,3,2
97998566,120000,2024-04-26,11,1,1,0,0,0,1,1
97020209,300000,2024-04-15,11,2,2,0,0,0,1,1
97020413,100000,2024-04-15,11,1,2,0,0,0,1,1
97020966,60000,2024-04-15,11,1,1,0,0,0,1,1
97021313,70000,2024-04-15,11,1,1,0,0,0,1,1
102670649,120000,2024-06-25,11,3,1,0,0,0,1,1
102671008,240000,2024-06-25,11,1,2,0,0,0,1,1
102673927,130000,2024-06-25,11,2,1,0,0,0,1,2
102674272,50000,2024-06-25,11,2,1,0,0,0,1,2
102676085,65000,2024-06-25,11,2,1,0,0,0,1,8
97999494,150000,2024-04-26,11,1,1,0,0,0,1,1
97999757,180000,2024-04-26,11,1,4,0,0,0,1,1
98000391,85000,2024-04-26,11,2,1,0,1,0,1,1
98004234,104000,2024-04-26,11,1,1,0,0,0,1,2
98004590,141900,2024-04-26,11,1,1,0,0,0,1,1
100790762,50000,2024-05-31,11,2,1,0,0,0,1,1
100791484,160000,2024-05-31,11,1,1,0,0,0,1,1
102678973,75000,2024-06-25,11,1,1,0,0,0,1,1
102679164,120000,2024-06-25,11,1,1,0,0,0,1,1
102681823,65000,2024-06-25,11,2,1,0,0,0,1,1
100797358,160000,2024-05-31,11,1,1,0,0,0,1,1
100798778,170000,2024-05-31,11,1,3,0,0,0,1,2
100801849,75000,2024-05-31,11,1,1,0,0,0,1,1
98007337,120000,2024-04-26,11,1,1,0,0,0,1,1
98009398,60000,2024-04-26,11,1,3,0,0,0,1,1
100802705,200000,2024-05-31,11,1,1,0,0,0,1,1
100805696,140000,2024-05-31,11,1,1,0,1,0,1,1
102692975,300000,2024-06-25,11,1,2,0,0,0,1,1
102696422,180000,2024-06-25,11,1,4,0,0,0,1,8
102696588,120000,2024-06-25,11,1,1,0,0,0,1,1
98012213,165000,2024-04-27,11,1,1,0,0,0,1,1
98012389,196000,2024-04-27,11,1,1,0,0,0,1,1
98014014,100000,2024-04-27,11,2,1,0,0,0,1,1
98015136,300000,2024-04-27,11,2,1,0,0,0,1,2
98021242,230000,2024-04-27,11,2,1,0,0,0,1,2
100809377,60000,2024-05-31,11,1,1,0,0,0,1,1
102701184,300000,2024-06-25,11,2,2,0,0,0,1,1
102702047,200000,2024-06-25,11,1,2,0,0,0,1,1
100806292,250000,2024-05-31,11,1,2,0,0,0,1,1
102706286,100000,2024-06-25,11,1,1,0,0,0,1,2
102706744,50000,2024-06-25,11,1,3,0,0,0,2,1
102708538,200000,2024-06-26,11,1,2,0,0,0,1,1
102709959,80000,2024-06-26,11,1,1,0,0,0,1,1
102710396,60000,2024-06-26,11,1,3,0,0,0,2,1
102710407,120000,2024-06-26,11,2,1,0,0,0,1,8
102710834,100000,2024-06-26,11,1,1,0,0,0,1,2
102711111,250000,2024-06-26,11,1,2,0,0,0,1,1
98048487,170000,2024-04-27,11,2,1,0,0,0,1,1
98052126,80000,2024-04-27,11,2,1,0,0,0,1,1
100820321,460000,2024-05-31,11,2,2,0,0,0,1,1
100822278,100000,2024-05-31,11,1,1,0,0,0,1,1
100823854,40000,2024-05-31,11,1,3,0,0,0,3,2
100823882,100000,2024-05-31,11,1,2,0,0,0,1,1
102713305,70000,2024-06-26,11,1,3,0,0,0,1,1
102713347,450000,2024-06-26,11,2,2,1,0,0,1,1
102715327,250000,2024-06-26,11,2,2,0,0,0,1,1
102719360,180000,2024-06-26,11,2,1,0,0,0,1,8
98053287,200000,2024-04-27,11,2,2,0,0,0,1,1
98054697,180000,2024-04-27,11,3,2,0,0,0,1,2
98055182,140000,2024-04-27,11,2,1,0,0,0,1,1
102722399,110000,2024-06-26,11,1,1,0,0,0,1,2
102722796,100000,2024-06-26,11,1,1,0,0,0,1,1
102725465,100000,2024-06-26,11,1,3,0,0,0,1,1
100828233,200000,2024-05-31,11,1,2,0,0,0,1,1
100829057,80000,2024-05-31,11,1,1,0,0,0,1,1
100829722,150000,2024-05-31,11,1,2,0,0,0,1,1
100832516,50000,2024-05-31,11,2,1,0,0,0,1,1
100833039,220000,2024-05-31,11,2,2,0,0,0,1,1
100839091,300000,2024-05-31,11,1,1,0,0,0,1,1
100843039,350000,2024-05-31,11,1,2,0,0,0,1,1
98063781,320000,2024-04-27,11,1,2,0,0,0,1,1
98068628,270000,2024-04-27,11,2,2,0,0,0,1,1
98071927,120000,2024-04-27,11,2,1,0,0,0,1,1
98072369,120000,2024-04-27,11,1,3,0,0,0,1,1
98074206,100000,2024-04-27,11,1,1,0,0,0,1,2
98076103,150000,2024-04-27,11,1,2,0,0,0,1,1
98079232,95000,2024-04-27,11,1,3,0,0,0,1,1
98079343,90000,2024-04-27,11,1,1,0,0,0,1,1
98079876,90000,2024-04-27,11,1,1,0,0,0,1,1
98081015,60000,2024-04-27,11,2,2,0,0,0,1,2
98082211,210000,2024-04-27,11,1,1,0,0,0,1,1
98085354,80000,2024-04-27,11,1,3,0,0,0,1,2
98085919,150000,2024-04-27,11,1,2,0,0,0,1,1
98087797,170000,2024-04-28,11,1,1,0,0,0,1,2
98089043,114000,2024-04-28,11,1,1,0,0,0,1,1
98089237,110000,2024-04-28,11,1,3,0,1,0,1,1
98090520,170000,2024-04-28,11,2,1,0,1,0,1,8
98090834,140000,2024-04-28,11,1,2,0,0,0,1,1
98093249,30000,2024-04-28,11,2,3,0,0,0,1,1
98093557,150000,2024-04-28,11,1,1,0,0,0,1,1
98125702,150200,2024-04-29,11,1,1,0,0,0,1,1
98129401,60000,2024-04-29,11,1,1,0,0,0,1,2
98133597,60000,2024-04-29,11,2,1,0,0,0,1,2
98133829,50000,2024-04-29,11,2,1,0,0,0,1,1
98135482,80000,2024-04-29,11,2,1,0,0,0,1,1
98155031,150000,2024-04-30,11,1,2,0,0,0,3,1
98156017,130000,2024-04-30,11,2,1,0,0,0,1,1
98157495,50000,2024-04-30,11,2,1,0,0,0,3,1
98159464,150000,2024-04-30,11,1,1,0,0,0,1,1
98161090,40000,2024-04-30,11,1,1,0,0,0,1,8
102332683,60000,2024-06-20,12,1,1,0,0,0,1,8
102121644,60000,2024-06-17,12,1,1,0,0,0,1,2
101562591,35000,2024-06-09,13,2,2,0,0,0,3,2
98744442,70000,2024-05-13,14,1,2,0,0,0,1,2
98206610,60000,2024-05-02,14,1,1,0,0,0,1,2
100592370,60000,2024-05-29,14,1,1,0,0,0,1,2
97173953,45000,2024-04-17,15,1,1,0,0,0,1,2
97453123,60000,2024-04-19,12,1,1,0,0,0,1,2
98511315,85000,2024-05-07,16,1,1,0,0,0,1,2
98511329,85000,2024-05-07,16,1,1,0,0,0,1,2
102182539,40000,2024-06-18,17,1,3,0,0,0,1,2
101454196,100000,2024-06-07,14,1,4,0,0,0,1,2
98538475,100000,2024-05-07,14,1,2,0,0,0,1,2
101598422,50000,2024-06-10,16,1,1,0,0,0,1,2
102562131,60000,2024-06-24,18,1,1,0,0,0,1,2
100563826,50000,2024-05-29,16,1,1,0,0,0,1,2
97638199,50000,2024-04-22,19,2,1,0,0,0,1,2
101275959,50000,2024-06-05,17,1,1,0,0,0,1,2
98272133,60000,2024-05-03,20,1,1,0,0,0,1,2
101358389,90000,2024-06-05,17,1,1,0,0,0,1,2
100577571,60000,2024-05-29,14,1,1,0,0,0,3,2
99717373,60000,2024-05-21,18,1,1,0,0,0,1,2
102590734,70000,2024-06-24,12,1,1,0,0,0,1,2
102050396,35000,2024-06-17,14,1,3,0,0,0,1,2
102399543,75000,2024-06-21,15,1,1,0,0,0,1,2
97891656,40000,2024-04-25,15,1,3,0,0,0,1,2
96372183,50000,2024-04-08,15,1,1,0,0,0,1,2
98621611,30000,2024-05-08,14,2,3,0,0,0,4,4
98621612,30000,2024-05-08,19,2,3,0,0,0,4,4
101211239,60000,2024-06-04,15,1,1,0,0,0,1,2
101466091,60000,2024-06-07,14,1,4,0,0,0,1,2
98630859,70000,2024-05-09,20,1,1,0,0,0,1,2
98045840,45000,2024-04-27,13,1,3,0,0,0,1,2
101215481,55000,2024-06-04,16,1,1,0,0,0,1,8
101728776,55000,2024-06-11,13,1,1,0,0,0,1,2
96417418,80000,2024-04-08,12,1,1,0,0,0,1,2
101628291,50000,2024-06-10,13,1,3,0,0,0,1,8
102082918,46500,2024-06-17,15,1,3,0,0,0,1,8
101792822,90000,2024-06-12,18,1,3,0,0,0,1,2
99034568,60000,2024-05-15,16,1,1,0,0,0,1,8
101492382,65000,2024-06-07,16,1,1,0,0,0,1,2
98301850,150000,2024-05-03,18,1,1,0,0,0,1,2
98302059,150000,2024-05-03,13,1,1,0,0,0,1,2
96511674,55000,2024-04-09,16,1,1,0,0,0,1,8
96515806,70000,2024-04-09,16,1,1,0,0,0,1,2
101400153,120000,2024-06-06,16,1,2,0,0,0,1,2
101645682,120000,2024-06-10,13,1,1,0,0,0,1,2
102686604,90000,2024-06-25,19,1,1,0,0,0,1,8
99143818,50000,2024-05-16,14,1,1,0,0,0,1,2
98785612,40000,2024-05-13,17,1,3,0,0,0,1,2
97222668,80300,2024-04-17,14,1,1,0,0,0,1,2
101821616,60000,2024-06-13,15,1,1,0,0,0,1,2
99835238,200000,2024-05-22,15,2,1,0,0,0,1,2
96517467,50000,2024-04-09,16,1,1,0,0,0,1,2
99063283,150000,2024-05-15,20,1,2,0,0,0,1,2
101734908,70000,2024-06-11,20,1,1,0,0,0,1,2
97543251,50000,2024-04-21,14,3,1,0,0,0,1,2
96970587,60000,2024-04-15,16,1,1,0,0,0,1,2
99557598,60000,2024-05-20,12,1,1,0,0,0,1,8
98651795,55000,2024-05-09,13,1,1,0,0,0,1,2
98828942,50000,2024-05-14,13,1,3,0,0,0,1,8
98829958,50000,2024-05-14,13,2,3,0,0,0,1,8
99099423,50000,2024-05-16,14,1,1,0,0,0,1,2
100638815,120000,2024-05-30,20,1,1,0,0,0,1,2
96596177,150000,2024-04-10,13,1,1,0,0,0,1,2
99943316,57000,2024-05-23,14,1,1,0,0,0,1,2
101411587,60000,2024-06-06,14,1,1,0,0,0,1,2
99863787,50000,2024-05-23,19,2,1,0,0,0,1,2
96434380,150000,2024-04-08,20,2,4,0,0,0,1,2
96435652,170000,2024-04-08,12,1,1,0,0,0,1,2
96435943,70000,2024-04-08,20,1,1,0,0,0,1,2
98065869,60000,2024-04-27,12,2,1,0,0,0,1,2
98415352,120000,2024-05-06,16,3,1,0,0,0,1,2
100154513,50000,2024-05-25,13,1,2,0,0,0,1,2
101843462,50000,2024-06-13,12,1,3,0,0,0,1,2
101843461,50000,2024-06-13,17,1,3,0,0,0,1,2
100299556,70000,2024-05-27,17,1,1,0,0,0,1,2
99584895,60000,2024-05-20,12,1,1,0,0,0,1,2
99160687,70000,2024-05-16,13,1,1,0,0,0,1,2
96606260,40000,2024-04-10,16,1,1,0,0,0,1,2
98990112,35000,2024-05-15,14,1,3,0,0,0,1,2
100709214,100000,2024-05-30,12,1,2,0,0,0,1,2
100320799,70000,2024-05-27,15,1,1,0,0,0,1,2
99595565,40000,2024-05-20,20,1,3,0,0,0,1,8
99180442,70000,2024-05-17,20,1,2,0,0,0,1,2
100338167,33900,2024-05-27,18,1,3,0,0,0,1,2
100790358,60000,2024-05-31,13,1,3,0,0,0,1,2
100790359,60000,2024-05-31,13,1,3,0,0,0,1,2
99651427,60000,2024-05-21,16,1,1,0,0,0,1,2
100360490,150000,2024-05-27,13,2,2,0,0,0,1,2
97626128,50000,2024-04-22,15,1,1,0,0,0,1,2
102455535,300000,2024-06-22,13,1,1,0,0,0,1,4
102455595,80000,2024-06-22,20,1,1,0,0,0,1,2
100386054,60000,2024-05-27,20,1,1,0,0,0,1,2
100389735,30000,2024-05-27,15,1,1,0,0,0,3,2
101344481,75000,2024-06-05,21,1,3,0,0,0,1,7
102561578,50000,2024-06-24,15,1,3,0,0,0,1,1
96381432,75000,2024-04-08,14,1,1,0,0,0,1,6
99004783,69000,2024-05-15,18,1,1,0,0,0,1,1
99286480,77600,2024-05-17,12,1,1,0,0,0,1,5
102318934,44000,2024-06-20,16,1,3,0,0,0,1,1
f85f3935-577e-11ee-aefd-0d972cff014f,45000,2024-06-20,14,1,3,0,0,0,1,1
102320100,50000,2024-06-20,14,1,1,0,0,0,1,7
99005696,180000,2024-05-15,16,2,1,0,0,0,1,1
99697263,36600,2024-05-21,14,1,3,0,0,0,1,1
99928739,45000,2024-05-23,21,1,2,0,0,0,1,1
97818289,43000,2024-04-24,12,1,1,0,0,0,1,1
101349682,90000,2024-06-05,13,1,1,0,0,0,1,5
99141993,60000,2024-05-16,16,1,3,0,0,0,1,1
100453047,70000,2024-05-28,15,1,1,0,0,0,1,1
98444423,130000,2024-05-06,14,1,2,0,0,0,1,5
98447204,110000,2024-05-06,18,1,1,0,0,0,1,6
102567161,70000,2024-06-24,16,2,1,0,0,0,1,1
102568865,112000,2024-06-24,21,1,1,0,0,0,1,5
102320445,90000,2024-06-20,14,1,1,0,0,0,1,7
6f591387-89a2-11ee-9e24-e73e8fa159bf,55000,2024-06-21,14,1,1,0,0,0,1,1
102414786,70000,2024-06-21,15,1,1,0,0,0,1,1
99940462,50000,2024-05-23,17,1,3,0,0,0,1,1
98302269,150000,2024-05-03,18,1,1,0,0,0,1,1
98302318,150000,2024-05-03,13,1,1,0,0,0,1,1
98302821,70000,2024-05-03,15,1,1,0,0,0,1,1
98196446,80000,2024-05-02,16,1,1,0,0,0,1,7
101351075,63800,2024-06-05,12,1,1,0,0,0,1,1
100856706,100000,2024-06-01,12,1,1,0,0,0,1,1
100859206,90000,2024-06-01,17,2,1,1,0,0,1,5
100860779,60000,2024-06-01,17,2,3,1,0,0,1,5
101872792,50000,2024-06-13,15,2,1,0,0,0,1,1
101874041,60000,2024-06-13,12,1,1,0,0,0,1,1
101874059,140000,2024-06-13,20,1,2,0,0,0,1,6
98551813,60000,2024-05-07,13,1,1,0,0,0,1,7
101117653,130000,2024-06-03,15,1,1,0,0,0,1,6
96789286,50000,2024-04-12,16,1,1,0,0,0,1,1
98830572,80000,2024-05-14,20,1,1,0,0,0,1,3
98698537,77887,2024-05-11,20,1,1,0,0,0,1,5
98303999,100000,2024-05-03,18,1,1,0,0,0,1,5
102422376,60000,2024-06-21,14,1,2,0,0,0,1,1
102422420,160000,2024-06-21,19,1,1,0,0,0,1,5
100098450,50000,2024-05-25,15,2,1,0,0,0,1,1
96791990,40000,2024-04-12,21,1,3,0,0,0,1,6
101521565,66000,2024-06-08,17,1,1,0,0,0,1,6
98456901,75000,2024-05-06,14,1,1,0,0,0,1,5
98457347,66200,2024-05-06,12,1,1,0,0,0,1,5
98457535,76200,2024-05-06,16,1,1,0,0,0,1,5
99023111,80000,2024-05-15,20,1,1,0,0,0,1,5
102574243,90000,2024-06-24,14,1,1,0,0,0,1,1
102574246,90000,2024-06-24,16,1,1,0,0,0,1,1
101355583,63800,2024-06-05,12,1,1,0,0,0,1,1
100891956,86100,2024-06-01,14,1,1,0,0,0,1,5
100892230,86100,2024-06-01,14,1,1,0,0,0,1,5
100892460,77600,2024-06-01,12,1,1,0,0,0,1,5
100892556,93000,2024-06-01,19,1,1,0,0,0,1,5
100892562,66200,2024-06-01,12,1,1,0,0,0,1,5
101267560,295000,2024-06-04,19,1,2,0,0,0,1,5
98556190,120000,2024-05-07,13,1,1,0,0,0,1,1
98556189,120000,2024-05-07,13,1,1,0,0,0,1,1
101686133,80000,2024-06-11,16,1,1,0,0,0,1,7
102335266,133000,2024-06-20,19,1,1,0,0,0,1,5
100146082,51900,2024-05-25,21,1,3,0,0,0,1,5
100146236,73700,2024-05-25,16,1,1,0,0,0,1,5
100146256,76200,2024-05-25,16,1,1,0,0,0,1,5
100146258,77887,2024-05-25,20,1,1,0,0,0,1,5
102208952,60000,2024-06-18,17,2,1,0,0,0,1,1
102208953,60000,2024-06-18,17,2,1,0,0,0,1,1
100468003,41000,2024-05-28,20,2,3,1,0,0,1,1
101278301,150000,2024-06-04,16,1,1,0,0,0,1,7
101776386,100000,2024-06-12,16,2,1,0,0,0,1,1
101689209,80000,2024-06-11,14,1,1,0,0,0,1,1
102045506,90000,2024-06-17,15,1,2,0,0,0,1,7
99707572,40000,2024-05-21,12,1,1,0,0,0,1,1
97216967,100000,2024-04-17,20,1,1,0,0,0,1,1
96654086,106500,2024-04-11,19,1,1,0,0,0,1,5
96654936,66200,2024-04-11,12,1,1,0,0,0,1,5
98471318,295000,2024-05-06,19,1,2,0,0,0,1,5
98471323,75000,2024-05-06,18,1,1,0,0,0,1,5
98471433,56700,2024-05-06,12,3,3,0,0,0,1,5
98736172,70000,2024-05-13,21,1,2,0,0,0,1,1
100598352,42100,2024-05-29,16,3,3,0,0,0,1,5
100600589,55000,2024-05-29,13,1,1,0,0,0,1,1
99295516,51900,2024-05-17,21,1,3,0,0,0,1,5
99297042,100000,2024-05-17,18,1,1,0,0,0,1,1
102119009,45000,2024-06-17,17,1,1,0,0,0,1,1
98201543,90000,2024-05-02,19,2,1,0,0,0,1,1
98204896,32000,2024-05-02,18,1,1,0,0,0,1,1
99555842,100000,2024-05-20,17,1,1,0,0,0,1,1
99708444,40000,2024-05-21,19,1,3,0,0,0,1,1
102438034,60000,2024-06-21,13,1,1,0,0,0,1,3
102438033,60000,2024-06-21,19,1,1,0,0,0,1,3
98873348,40000,2024-05-14,16,1,3,0,0,0,1,1
98875241,40000,2024-05-14,15,1,3,0,0,0,1,1
97672846,70000,2024-04-23,14,4,3,0,0,0,1,5
97032475,295000,2024-04-15,19,1,2,0,0,0,1,5
97033168,150000,2024-04-15,13,1,1,0,0,0,1,1
99304786,120000,2024-05-17,19,1,2,0,0,0,1,5
99304779,120000,2024-05-17,18,1,2,0,0,0,1,5
99305218,120000,2024-05-17,12,1,4,0,0,0,1,5
99305219,120000,2024-05-17,19,1,4,0,0,0,1,5
99965806,66000,2024-05-23,18,1,3,0,0,0,1,5
98565089,45000,2024-05-08,20,1,3,0,0,0,1,1
101468772,75000,2024-06-07,14,1,1,0,0,0,1,5
98206306,70000,2024-05-02,21,1,1,0,0,0,1,1
98206775,84000,2024-05-02,18,1,1,0,0,0,1,1
102438254,295000,2024-06-21,19,1,2,0,0,0,1,5
97686652,70000,2024-04-23,16,1,1,0,0,0,1,5
101884021,70000,2024-06-14,20,1,1,0,0,0,1,1
101886374,68000,2024-06-14,19,2,1,0,0,0,1,1
101886375,68000,2024-06-14,17,2,1,0,0,0,1,1
102336247,350000,2024-06-20,18,2,2,0,0,0,1,1
102338037,350000,2024-06-20,18,2,2,0,0,0,1,1
101701892,65000,2024-06-11,14,1,1,0,0,0,1,6
101060115,60000,2024-06-03,17,1,1,0,0,0,1,1
97428838,250000,2024-04-19,18,1,2,0,0,0,1,1
101526750,50000,2024-06-08,20,1,1,0,0,0,1,6
101528571,60000,2024-06-08,18,1,3,0,0,0,1,1
96802688,70000,2024-04-12,17,1,2,0,0,0,1,5
96802683,70000,2024-04-12,17,1,2,0,0,0,1,5
96802680,70000,2024-04-12,17,1,2,0,0,0,1,5
96802686,70000,2024-04-12,17,1,2,0,0,0,1,5
96802682,70000,2024-04-12,17,1,2,0,0,0,1,5
96802681,70000,2024-04-12,17,1,2,0,0,0,1,5
96802684,70000,2024-04-12,17,1,2,0,0,0,1,5
96802685,70000,2024-04-12,17,1,2,0,0,0,1,5
96802687,70000,2024-04-12,17,1,2,0,0,0,1,5
100274850,130000,2024-05-27,14,1,1,0,0,0,1,1
100483641,35000,2024-05-28,18,2,3,1,0,0,1,1
100485298,35000,2024-05-28,13,2,3,1,0,0,1,1
100485400,41000,2024-05-28,17,2,3,1,0,0,1,1
98754996,100000,2024-05-13,17,1,2,0,0,0,1,5
98755026,100000,2024-05-13,17,1,2,0,0,0,1,5
98755090,100000,2024-05-13,17,1,2,0,0,0,1,5
98755210,100000,2024-05-13,17,1,2,0,0,0,1,5
98755271,100000,2024-05-13,17,1,2,0,0,0,1,5
102580876,63000,2024-06-24,13,2,1,0,0,0,1,1
98316583,77887,2024-05-03,20,1,1,0,0,0,1,5
102068216,20100,2024-06-17,21,3,3,0,0,0,3,5
99313388,60000,2024-05-18,20,1,2,0,0,0,1,1
99313583,60000,2024-05-18,20,1,1,0,0,0,1,1
98581310,40000,2024-05-08,14,1,1,0,0,0,1,1
98526398,80000,2024-05-08,15,1,1,0,0,0,1,1
98583878,68700,2024-05-08,14,1,3,0,0,0,1,5
98476337,70000,2024-05-06,17,1,2,0,0,0,1,5
98877343,36600,2024-05-14,14,1,3,0,0,0,1,1
98881217,60000,2024-05-14,16,1,3,0,0,0,1,1
98756336,152000,2024-05-13,15,1,2,0,0,0,1,1
101473290,50500,2024-06-14,15,1,1,0,0,0,1,1
97224615,40000,2024-04-17,17,1,1,0,0,0,1,1
96395288,81600,2024-04-08,21,1,1,0,0,0,1,5
96396058,34800,2024-04-08,18,1,3,0,0,0,1,1
98586426,50000,2024-05-08,16,1,3,0,0,0,1,1
99033083,80000,2024-05-15,20,1,3,0,0,0,1,6
99033415,80000,2024-05-15,15,1,1,0,0,0,1,1
97704774,150000,2024-04-23,13,1,3,0,0,0,1,5
97705031,50000,2024-04-23,17,1,1,0,0,0,1,1
99974327,35000,2024-05-23,17,1,1,0,0,0,1,1
97443595,45000,2024-04-19,20,1,3,0,0,0,1,1
97444050,115000,2024-04-19,15,1,1,0,0,0,1,6
101473331,50500,2024-06-07,15,1,1,0,0,0,1,1
96684244,165000,2024-04-11,14,1,1,0,0,0,1,7
102594726,55000,2024-06-24,19,1,1,0,0,0,1,6
101898634,150000,2024-06-14,14,1,2,0,0,0,1,6
102244510,50000,2024-06-19,16,1,1,0,0,0,1,1
101817934,44000,2024-06-13,16,1,3,0,0,0,1,1
98590386,70000,2024-05-08,13,1,1,0,0,0,1,1
102122700,34000,2024-06-17,17,1,3,0,0,0,1,1
99379349,86100,2024-05-18,14,1,1,0,0,0,1,5
99379655,66200,2024-05-18,12,1,1,0,0,0,1,5
97077150,115000,2024-04-16,17,2,1,0,0,0,4,1
99981966,120000,2024-05-24,13,2,2,0,0,0,1,5
15226065-cbce-11ee-a181-e73e8fa159bf,30000,2024-06-05,16,1,3,1,0,0,1,1
31340922-3783-11ec-b525-bf2cfe8c828d,26000,2024-06-11,15,1,3,0,0,0,1,1
101707183,70000,2024-06-11,14,1,3,0,0,0,1,5
101076176,80000,2024-06-03,20,2,3,0,0,0,2,6
101077740,84000,2024-06-03,12,1,3,0,0,0,1,3
102603654,88000,2024-06-24,18,1,1,0,0,0,1,5
96553278,39500,2024-04-10,13,2,1,0,0,0,1,1
100627210,70000,2024-05-29,15,1,1,0,0,0,1,3
101143298,200000,2024-06-03,18,1,2,0,0,0,1,1
100293573,70000,2024-05-27,17,1,2,0,0,0,1,5
100293615,100000,2024-05-27,12,1,2,0,0,0,1,5
100293647,100000,2024-05-27,17,1,2,0,0,0,1,5
100487149,38000,2024-05-28,15,2,3,1,0,0,1,1
100488669,35000,2024-05-28,13,2,3,1,0,0,1,1
100489606,41000,2024-05-28,20,2,3,1,0,0,1,1
102449486,60000,2024-06-21,18,1,3,0,0,0,1,3
98886222,66200,2024-05-14,12,1,1,0,0,0,1,5
101386460,130000,2024-06-06,15,1,1,0,0,0,1,1
97836836,120000,2024-04-25,12,2,1,0,0,0,4,7
96407874,90335,2024-04-08,15,3,1,0,0,0,1,5
101475680,90000,2024-06-07,14,1,2,0,0,0,1,5
98595012,37000,2024-05-08,16,1,1,0,0,0,1,5
98595011,37000,2024-05-08,16,1,1,0,0,0,1,5
102254877,350000,2024-06-19,13,1,2,0,0,0,1,1
97453653,34500,2024-04-19,13,1,1,0,0,0,1,1
97457870,40000,2024-04-20,13,1,1,0,0,0,1,7
97458125,65000,2024-04-20,16,2,1,0,0,0,1,7
c882d4a5-50a4-11ee-bbad-0d972cff014f,49000,2024-06-18,18,1,1,0,0,0,1,1
99739015,93000,2024-05-22,20,1,1,0,0,0,1,5
99740411,75000,2024-05-22,20,1,1,0,0,0,1,5
99740662,49900,2024-05-22,18,1,1,0,0,0,1,1
98235487,50000,2024-05-02,18,1,1,0,0,0,1,1
98237804,60000,2024-05-02,16,1,1,0,0,0,1,5
100635827,30000,2024-05-30,19,1,3,0,0,0,1,5
100639653,50000,2024-05-30,15,2,3,0,0,0,1,1
97082084,110000,2024-04-16,14,1,2,0,0,0,1,5
98766416,60000,2024-05-13,16,1,1,0,0,0,1,1
102351538,250000,2024-06-20,18,2,2,0,0,0,1,1
96574642,42100,2024-04-10,16,3,3,0,0,0,1,5
101716579,150000,2024-06-11,13,1,1,0,0,0,1,1
98321824,73200,2024-05-03,12,1,1,0,0,0,1,1
102087692,50000,2024-06-17,17,1,3,0,0,0,1,1
99419070,40000,2024-05-19,14,2,1,1,0,0,1,5
99419068,40000,2024-05-19,16,2,1,1,0,0,1,5
101542520,42100,2024-06-08,16,3,3,0,0,0,1,5
102454550,300000,2024-06-22,13,1,1,0,0,0,1,6
a1851b40-1f04-11ef-b65f-e7d0d2cf29b1,35000,2024-06-03,15,1,3,0,0,0,1,1
97226414,70000,2024-04-17,20,1,1,0,0,0,1,1
99570140,59000,2024-05-20,18,1,1,0,0,0,1,6
99570480,50000,2024-05-20,18,1,1,0,0,0,1,6
97713431,60000,2024-04-23,12,1,1,0,0,0,1,1
97713998,30000,2024-04-23,21,1,1,0,0,0,1,1
102095432,45000,2024-06-17,13,1,1,0,0,0,1,1
101721484,80000,2024-06-11,20,1,1,0,0,0,1,3
98602368,92400,2024-05-08,12,1,1,0,0,0,1,5
100041013,35000,2024-05-24,18,1,1,0,0,0,1,1
101329463,80000,2024-06-05,13,2,3,0,0,0,2,6
102473915,160000,2024-06-22,19,1,1,0,0,0,1,5
102473932,133000,2024-06-22,19,1,1,0,0,0,1,5
102474029,86100,2024-06-22,14,1,1,0,0,0,1,5
96439644,70350,2024-04-08,13,1,1,0,0,0,1,5
101482256,45000,2024-06-07,16,1,3,0,0,0,1,1
100670972,70000,2024-05-30,15,1,1,0,0,0,1,1
101920234,160000,2024-06-14,16,2,2,0,0,0,1,1
100047666,340000,2024-05-24,18,2,2,0,0,0,1,1
100493530,60000,2024-05-28,14,1,2,0,0,0,1,1
100495371,150000,2024-05-28,20,2,1,0,0,0,1,5
a427e835-03a5-11ee-9bc8-c915d4ea89c1,25000,2024-06-07,13,2,3,1,0,0,1,1
96712498,160000,2024-04-11,13,1,1,0,0,0,1,1
102145560,36600,2024-06-18,14,1,3,0,0,0,1,1
97098645,80000,2024-04-16,16,1,2,0,0,0,1,7
97101815,120000,2024-04-16,20,1,2,0,0,0,1,1
100310128,70000,2024-05-27,16,1,2,0,0,0,1,5
fd0f7fc8-2ee3-11ef-9039-bb4c34bddc95,19242,2024-06-20,12,1,3,0,0,0,1,1
102148298,70000,2024-06-18,16,2,1,0,0,0,1,1
101827201,50000,2024-06-13,21,1,1,1,0,0,1,1
101827305,50000,2024-06-13,21,1,1,1,0,0,1,1
101829452,152000,2024-06-13,15,1,2,0,0,0,1,1
99512127,40000,2024-05-20,16,1,1,0,0,0,1,1
102536718,150000,2024-06-24,14,5,1,0,0,0,1,6
98248098,50000,2024-05-02,21,1,3,0,0,0,2,7
100317612,60000,2024-05-27,13,2,2,0,0,0,1,1
96815462,160000,2024-04-12,16,2,2,0,0,0,1,1
101576878,41000,2024-06-09,17,2,3,1,0,0,1,1
101576909,41000,2024-06-09,16,2,3,1,0,0,1,1
99213633,86100,2024-05-17,14,1,1,0,0,0,1,5
98904801,35000,2024-05-14,20,1,3,0,0,0,1,1
101493424,160000,2024-06-07,13,1,2,0,0,0,1,7
101493426,160000,2024-06-07,18,1,2,0,0,0,1,7
101493418,160000,2024-06-07,14,1,2,0,0,0,1,7
99575771,80000,2024-05-20,13,2,1,1,0,0,1,1
97111908,96000,2024-04-16,13,1,2,0,0,0,1,7
100688339,68000,2024-05-30,19,4,1,0,0,0,1,1
100502178,60000,2024-05-28,12,1,3,0,0,0,1,1
96449407,55000,2024-04-09,21,1,2,0,0,0,1,1
97570224,50000,2024-04-22,15,1,3,0,0,0,1,1
100324867,80000,2024-05-27,16,1,1,0,0,0,1,7
97233127,86000,2024-04-17,13,1,1,0,0,0,1,1
97234397,86000,2024-04-17,13,1,1,0,0,0,1,1
97234673,70000,2024-04-17,21,1,3,0,0,0,1,1
100063853,80500,2024-05-24,15,1,2,0,0,0,1,6
100063852,80500,2024-05-24,15,1,2,0,0,0,1,6
100067488,70000,2024-05-24,16,1,1,0,0,0,1,5
96724119,40000,2024-04-11,19,1,1,0,0,0,1,1
97719524,280000,2024-04-23,18,2,2,0,0,0,1,1
80183655-f70d-11ee-b279-e7d0d2cf29b1,50000,2024-04-10,14,3,1,0,0,0,1,1
99585568,80000,2024-05-20,19,1,3,0,0,0,1,7
99807353,134000,2024-05-22,15,1,1,0,0,0,1,5
98918615,90000,2024-05-14,19,1,3,0,0,0,1,5
101505409,100000,2024-06-07,12,1,1,0,0,0,1,5
102109154,44000,2024-06-17,18,1,1,0,0,0,1,1
99218006,250000,2024-05-17,15,2,2,0,0,0,1,1
99218007,250000,2024-05-17,15,2,2,0,0,0,1,1
98487352,300000,2024-05-06,20,2,2,1,0,0,1,6
97740253,35000,2024-04-23,17,1,1,0,0,0,1,1
97740588,88000,2024-04-23,18,1,1,0,0,0,1,5
100706361,112000,2024-05-30,21,1,1,0,0,0,1,5
102365279,80000,2024-06-20,13,1,2,0,0,0,1,5
bbae72c5-f7d9-11ee-838c-1f3aadc834d0,32000,2024-06-13,18,1,3,0,0,0,1,1
101214284,47492,2024-06-04,14,1,1,0,0,0,1,6
96393872,100000,2024-04-09,16,1,1,0,0,0,1,1
102552615,40000,2024-06-24,15,1,3,0,0,0,1,1
98330267,40000,2024-05-03,12,1,3,0,0,0,1,7
97123389,35000,2024-04-16,13,1,3,1,0,0,1,1
c0e24c76-9817-11ee-8264-d549be31d974,30000,2024-06-14,13,4,3,1,0,1,4,1
101942561,50600,2024-06-14,12,1,3,0,0,0,1,1
101602055,100000,2024-06-10,19,3,2,0,0,0,2,5
98263411,90000,2024-05-02,19,1,2,0,0,0,1,5
98263412,90000,2024-05-02,19,1,2,0,0,0,1,5
98265209,50000,2024-05-02,18,1,1,0,0,0,1,1
99598172,48000,2024-05-20,13,1,1,0,0,0,1,5
98500999,65000,2024-05-07,12,1,3,0,0,0,1,1
98626510,80000,2024-05-08,20,2,3,0,0,0,2,1
102366360,30000,2024-06-20,17,1,3,0,0,0,1,5
98935310,136000,2024-05-14,18,1,1,0,0,0,1,1
101417644,70000,2024-06-06,20,1,1,0,0,0,1,7
101516250,45000,2024-06-07,20,1,3,0,0,0,1,1
101516315,280000,2024-06-07,13,2,2,0,0,0,1,1
101516306,280000,2024-06-07,16,2,2,0,0,0,1,1
97773543,90000,2024-04-24,14,1,2,0,0,0,1,5
99055274,68000,2024-05-15,17,2,1,0,0,0,1,1
99055276,68000,2024-05-15,19,2,1,0,0,0,1,1
99055275,68000,2024-05-15,12,2,1,0,0,0,1,1
97130873,150000,2024-04-16,18,1,1,0,0,0,1,3
101839205,120000,2024-06-13,17,2,1,0,0,0,1,6
96753413,80000,2024-04-12,13,2,3,0,0,0,2,6
96757136,77600,2024-04-12,12,1,1,0,0,0,1,5
96829004,70000,2024-04-12,13,1,1,0,0,0,1,1
99226674,80600,2024-05-17,19,1,1,0,0,0,1,5
97912557,50000,2024-04-25,17,1,3,0,0,0,1,1
100712596,90000,2024-05-30,14,2,1,0,0,0,1,1
101745195,61000,2024-06-11,18,1,3,0,0,0,1,5
100346709,45000,2024-05-27,18,1,3,0,0,0,2,1
102369350,55200,2024-06-20,21,1,3,0,0,0,1,5
102370217,40000,2024-06-20,13,4,3,0,0,0,1,1
99227694,45000,2024-05-17,17,1,1,0,0,0,1,1
96605298,35000,2024-04-10,21,1,3,0,0,0,1,5
96606430,72150,2024-04-10,18,1,1,0,0,0,1,1
98783962,50000,2024-05-13,13,1,1,0,0,0,1,5
102273542,40000,2024-06-19,15,1,3,0,0,0,1,6
102276273,70000,2024-06-19,20,1,3,0,0,0,1,6
98286340,44000,2024-05-03,16,1,3,0,0,0,1,1
100716839,80000,2024-05-30,14,1,1,0,0,0,1,7
100514869,200000,2024-05-28,19,1,1,0,0,0,1,5
101840111,350000,2024-06-13,14,1,2,0,0,0,1,7
101840122,350000,2024-06-13,13,1,2,0,0,0,1,7
99814867,45000,2024-05-22,21,1,3,0,0,0,1,1
98294997,80000,2024-05-03,15,1,1,0,0,0,1,1
97580176,134000,2024-04-22,15,1,1,0,0,0,1,5
100080896,70000,2024-05-24,17,1,1,0,0,0,1,1
102281075,82000,2024-06-19,13,1,1,0,0,0,1,6
98661742,200000,2024-05-10,20,3,1,0,0,0,1,6
98661876,200000,2024-05-10,20,3,1,0,0,0,1,6
101612499,100000,2024-06-10,19,2,1,0,0,0,1,6
f1ef95e5-6688-11ee-99fd-cb26dff57dd7,35000,2024-06-15,20,1,3,0,0,0,1,1
96788191,60000,2024-04-12,13,2,1,0,0,0,1,5
97791351,40000,2024-04-24,17,1,1,0,0,0,1,1
97793670,60000,2024-04-24,19,1,3,0,0,0,1,7
101230057,70000,2024-06-04,16,2,1,0,0,0,1,1
101232203,128000,2024-06-04,18,1,1,0,0,0,1,6
96833388,84000,2024-04-12,18,1,1,0,0,0,1,1
96834989,19100,2024-04-13,12,3,3,0,0,0,1,5
100721541,39000,2024-05-30,13,2,3,1,0,0,1,1
100722609,90000,2024-05-30,19,2,1,0,0,0,1,6
100521851,50000,2024-05-29,19,1,1,0,0,0,1,1
102623699,80000,2024-06-25,20,1,1,0,0,0,1,1
102628838,60000,2024-06-25,18,1,3,0,0,0,1,1
102628950,60000,2024-06-25,18,1,3,0,0,0,1,6
98524824,45000,2024-05-07,20,1,3,0,0,0,1,1
101845818,160000,2024-06-13,18,1,1,0,0,0,1,7
101845813,160000,2024-06-13,14,1,1,0,0,0,1,7
100363993,40000,2024-05-27,19,1,3,0,0,0,1,1
101241986,45000,2024-06-04,16,1,3,0,0,0,1,1
102286322,45000,2024-06-19,17,1,1,0,0,0,1,1
101099655,110000,2024-06-25,14,1,2,0,0,0,1,5
97244321,70000,2024-04-17,13,1,1,0,0,0,1,1
97244322,70000,2024-04-17,13,1,1,0,0,0,1,1
99615862,275000,2024-05-21,14,5,2,0,0,0,1,1
101424599,54500,2024-06-06,20,3,3,0,0,0,1,5
101426502,45000,2024-06-06,12,1,1,0,0,0,1,1
99063427,70000,2024-05-15,20,1,3,0,0,0,1,5
99838764,130000,2024-05-22,19,1,1,0,0,0,1,6
102167243,300000,2024-06-18,17,1,2,0,0,0,1,7
101615389,100000,2024-06-10,19,1,1,0,0,0,1,1
101983660,160900,2024-06-15,19,1,1,0,0,0,1,5
101983659,102000,2024-06-15,19,1,1,0,0,0,1,5
101983786,73000,2024-06-15,12,1,1,0,0,0,1,5
101984097,77600,2024-06-15,12,1,1,0,0,0,1,5
101984387,75000,2024-06-15,14,1,1,0,0,0,1,5
96868630,42100,2024-04-13,20,3,3,0,0,0,1,5
96868755,46300,2024-04-13,15,3,3,0,0,0,1,5
101851853,50000,2024-06-13,18,1,1,0,0,0,1,1
99264625,35000,2024-05-17,13,1,3,1,0,0,1,1
101252441,58000,2024-06-04,16,1,3,0,0,0,1,1
100726294,40000,2024-05-30,17,1,1,0,0,0,1,6
98352801,80000,2024-05-03,13,1,1,0,0,0,1,5
98952959,70000,2024-05-15,20,1,1,0,0,0,1,1
98953526,70300,2024-05-15,13,1,1,0,0,0,1,5
102295284,200000,2024-06-19,20,3,1,0,0,0,1,6
97153858,120000,2024-04-17,14,1,1,0,0,0,1,5
97169441,40000,2024-04-17,15,1,1,0,0,0,1,1
101253324,250000,2024-06-04,20,2,2,0,0,0,1,6
100383099,38000,2024-05-27,19,2,3,1,0,0,1,1
100384460,35000,2024-05-27,18,2,3,1,0,0,1,1
100384924,35000,2024-05-27,21,2,3,1,0,0,1,1
100386559,35000,2024-05-27,18,2,3,1,0,0,1,1
100387046,35000,2024-05-27,21,2,3,1,0,0,1,1
97253496,69000,2024-04-18,14,1,1,0,0,0,1,5
97253546,81600,2024-04-18,21,1,1,0,0,0,1,5
97259381,106500,2024-04-18,19,1,1,0,0,0,1,5
100529503,41600,2024-05-29,20,1,3,0,0,0,1,1
96927487,100000,2024-04-14,20,2,1,0,0,0,1,1
96935954,100000,2024-04-15,20,1,2,0,0,0,1,5
98796474,106500,2024-05-13,19,1,1,0,0,0,1,5
100790499,30000,2024-05-31,12,1,3,0,0,0,1,1
101856032,130000,2024-06-13,14,2,2,0,0,0,1,1
102666338,80000,2024-06-25,19,1,3,0,0,0,1,7
102667910,77887,2024-06-25,20,1,1,0,0,0,1,5
99654097,100000,2024-05-21,16,1,1,0,0,0,1,5
97177352,70000,2024-04-17,14,1,1,0,0,0,1,5
101257812,66000,2024-06-04,13,2,1,0,0,0,1,1
101258120,100000,2024-06-04,17,2,4,0,0,0,1,7
99114513,200000,2024-05-16,18,1,3,0,0,0,1,1
96633946,50000,2024-04-10,20,2,3,0,0,0,1,1
102171304,80000,2024-06-18,13,1,1,0,0,0,1,1
101858902,110000,2024-06-13,18,1,1,0,0,0,1,6
98536176,100000,2024-05-07,14,1,1,0,0,0,1,7
98536233,120000,2024-05-07,14,1,1,0,0,0,1,7
102173413,100000,2024-06-18,14,1,2,0,0,0,1,7
101645516,150000,2024-06-10,12,1,1,0,0,0,1,1
102669810,69000,2024-06-25,20,1,1,0,0,0,1,1
97265702,77600,2024-04-18,12,1,1,0,0,0,1,5
96639501,100000,2024-04-10,18,1,1,0,0,0,1,5
97956914,120000,2024-04-26,16,1,1,0,0,0,1,1
97957726,43000,2024-04-26,14,1,1,0,0,0,1,1
97957729,43000,2024-04-26,14,1,1,0,0,0,1,1
97957728,43000,2024-04-26,14,1,1,0,0,0,1,1
97957727,43000,2024-04-26,14,1,1,0,0,0,1,1
101862224,120000,2024-06-13,13,1,1,0,0,0,1,1
101862223,120000,2024-06-13,13,1,1,0,0,0,1,1
99857225,80000,2024-05-22,19,1,1,0,0,0,1,1
97598427,47000,2024-04-22,18,1,1,0,0,0,1,5
97189363,45000,2024-04-17,17,1,1,0,0,0,1,1
97189475,45000,2024-04-17,17,1,1,0,0,0,1,1
96966072,40000,2024-04-15,16,1,3,0,0,0,1,1
96967595,38500,2024-04-15,15,1,1,0,0,0,1,1
98370556,60000,2024-05-04,18,1,3,0,0,0,1,1
98802901,150000,2024-05-13,17,1,2,0,0,0,1,3
100811471,65000,2024-05-31,13,1,1,0,0,0,1,1
100571702,100000,2024-05-29,12,1,3,0,0,0,1,1
99115457,82500,2024-05-16,18,1,1,0,0,0,1,1
102678401,45000,2024-06-25,15,1,1,1,0,0,1,1
102177747,80000,2024-06-18,20,1,1,0,0,0,1,5
102177746,80000,2024-06-18,18,1,1,0,0,0,1,5
102690628,40000,2024-06-25,19,1,3,0,0,0,1,1
99126417,46000,2024-05-16,18,1,3,0,0,0,1,7
99660656,73700,2024-05-21,16,1,1,0,0,0,1,5
100399220,30000,2024-05-28,17,2,3,0,0,0,1,1
97604166,40000,2024-04-22,15,1,3,0,0,0,2,1
98425106,60000,2024-05-06,15,1,1,0,0,0,1,1
97204644,120000,2024-04-17,14,1,2,0,0,0,1,5
97605774,75000,2024-04-22,16,1,1,0,0,0,1,5
97606433,75000,2024-04-22,16,1,1,0,0,0,1,7
99894043,150000,2024-05-23,14,5,1,0,0,0,1,6
97310258,51000,2024-04-18,15,1,1,0,0,0,1,1
98808208,100000,2024-05-13,17,2,1,0,0,0,1,7
98808377,120000,2024-05-13,17,2,1,0,0,0,1,6
102198616,80000,2024-06-18,17,1,1,0,0,0,1,3
102199960,41250,2024-06-18,13,3,3,0,1,0,2,1
97987723,75000,2024-04-26,18,1,1,0,0,0,1,5
97990778,80000,2024-04-26,16,1,1,0,0,0,1,3
98435329,80000,2024-05-06,14,1,1,0,0,0,1,1
97314918,100000,2024-04-18,20,1,1,0,0,0,1,6
99676641,65000,2024-05-21,13,1,1,1,0,0,1,1
97993187,295000,2024-04-26,19,1,2,0,0,0,1,5
97997164,120000,2024-04-26,15,1,1,0,0,0,1,5
97621104,54500,2024-04-22,16,2,3,1,0,0,1,5
97998738,45000,2024-04-26,19,1,1,0,0,0,1,1
97318188,36000,2024-04-18,20,1,1,0,0,0,1,3
99137524,35000,2024-05-16,21,2,1,0,0,0,1,1
99137525,35000,2024-05-16,18,2,1,0,0,0,1,1
99140374,80000,2024-05-16,13,1,3,1,0,0,1,1
97001298,40000,2024-04-15,19,1,3,0,1,0,1,1
97005085,80000,2024-04-15,14,1,2,0,0,0,1,3
97005584,120000,2024-04-15,13,2,1,0,0,0,1,5
99688723,60000,2024-05-21,14,1,3,0,0,0,1,1
97332920,250000,2024-04-18,14,2,1,0,0,0,1,3
97333284,35000,2024-04-18,17,1,1,0,0,0,1,1
97350034,35000,2024-04-18,18,1,1,0,0,0,1,1
97350235,28300,2024-04-19,12,3,3,0,0,0,1,5
98036155,86100,2024-04-27,14,1,1,0,0,0,1,5
98041910,50000,2024-04-27,15,1,1,0,0,0,1,1
98041996,63000,2024-04-27,16,1,1,0,0,0,1,1
98047560,80000,2024-04-27,13,1,3,0,0,0,1,7
98047559,80000,2024-04-27,13,1,3,0,0,0,1,7
98051589,60000,2024-04-27,13,2,2,0,0,0,1,1
97352503,80000,2024-04-19,13,2,1,0,0,0,1,1
97356343,70000,2024-04-19,13,1,1,0,0,0,1,5
98055057,40000,2024-04-27,17,1,1,0,0,0,1,6
97377755,70000,2024-04-19,16,2,1,0,0,0,1,1
98062148,75000,2024-04-27,14,1,1,0,0,0,1,5
101518407,300000,2024-06-07,22,1,2,0,0,0,1,4
102163529,120000,2024-06-19,23,1,3,0,0,0,1,8
96804100,40000,2024-04-12,24,1,3,0,0,0,1,2
101522856,65000,2024-06-08,25,2,1,1,0,0,1,2
101522860,65000,2024-06-08,26,2,1,1,0,0,1,2
99564567,25000,2024-05-20,27,1,3,0,0,0,1,2
96646469,70000,2024-04-11,24,1,1,0,0,0,1,2
101876293,100000,2024-06-13,28,1,2,0,0,0,1,2
102553830,60000,2024-06-24,24,1,3,0,0,0,1,2
99662150,35000,2024-05-21,27,1,3,0,0,0,1,2
101151131,60000,2024-06-03,29,2,3,0,0,0,3,2
97243634,67200,2024-04-17,30,1,1,0,0,0,1,2
100845484,10000,2024-06-01,28,1,3,0,0,0,2,2
100845821,10000,2024-06-01,28,1,3,0,0,0,2,2
99030552,80000,2024-05-15,28,1,2,0,0,0,1,2
96818224,55000,2024-04-12,28,1,3,0,0,0,1,2
102422799,39000,2024-06-21,24,1,3,1,0,0,1,2
101688481,120000,2024-06-11,23,1,1,0,0,0,1,2
102060250,80000,2024-06-17,27,1,3,0,0,0,1,2
101030086,50000,2024-06-03,24,1,1,0,0,0,1,2
102439685,120000,2024-06-21,28,1,2,0,0,0,1,2
96517934,100000,2024-04-09,24,1,1,0,0,0,1,2
97024851,60000,2024-04-15,31,1,1,0,0,0,1,2
97026477,45000,2024-04-15,30,1,3,0,0,0,1,2
98444905,65000,2024-05-06,29,1,3,0,0,0,1,2
101345634,80000,2024-06-05,26,1,1,0,0,0,1,2
101543425,70000,2024-06-08,28,1,1,0,0,0,1,2
98588222,80000,2024-05-08,24,1,1,0,0,0,1,2
101432763,75000,2024-06-06,28,1,1,0,0,0,1,2
102106736,68000,2024-06-17,27,1,3,0,0,0,1,2
102107086,68000,2024-06-17,28,1,3,0,0,0,1,2
98183038,15000,2024-05-01,27,1,1,0,0,0,1,2
101891841,100000,2024-06-14,23,1,1,0,0,0,1,2
101897239,100000,2024-06-14,24,1,1,0,0,0,1,2
101274005,100000,2024-06-04,28,2,2,0,0,0,1,2
98589644,40000,2024-05-08,22,1,3,0,0,0,1,2
96680042,60000,2024-04-11,22,1,1,0,0,0,1,2
101208212,70000,2024-06-04,24,1,2,0,0,0,1,2
100611868,60000,2024-06-04,31,1,1,0,0,0,1,8
96586397,100000,2024-04-10,28,1,2,0,0,0,1,2
101347670,40000,2024-06-05,28,1,3,0,0,0,1,2
101593637,120000,2024-06-10,23,1,2,0,0,0,1,2
101846650,80000,2024-06-13,28,1,1,0,0,0,1,2
98301995,150000,2024-05-03,25,1,1,0,0,0,1,2
100671153,110000,2024-05-30,23,1,1,0,0,0,1,2
102205607,150000,2024-06-18,28,2,2,0,0,0,1,8
101708993,70000,2024-06-11,24,1,1,0,0,0,1,2
98493976,45000,2024-05-07,26,1,3,0,0,0,1,2
98825901,130000,2024-05-14,29,2,2,0,0,0,1,2
98829799,80000,2024-05-14,26,1,2,0,0,0,1,2
102455537,300000,2024-06-22,31,1,1,0,0,0,1,4
102455531,300000,2024-06-22,24,1,1,0,0,0,1,4
102455538,300000,2024-06-22,28,1,1,0,0,0,1,4
102455529,300000,2024-06-22,26,1,1,0,0,0,1,4
102455533,300000,2024-06-22,27,1,1,0,0,0,1,4
101611020,80000,2024-06-10,23,1,1,0,0,0,1,2
98211007,100000,2024-05-02,24,1,2,0,0,0,1,2
99105336,80000,2024-05-16,24,1,1,0,0,0,1,2
101253775,100000,2024-06-04,27,1,3,0,0,0,1,2
102370975,80000,2024-06-20,27,1,1,0,0,0,1,2
101446107,120000,2024-06-06,22,1,1,0,0,0,1,2
101047786,40000,2024-06-03,22,1,1,0,0,0,1,2
102470479,74000,2024-06-22,24,4,1,0,0,0,1,2
100038192,100000,2024-05-24,23,1,2,0,0,0,1,8
96055721,100000,2024-04-09,28,1,1,0,0,0,1,2
101363494,40000,2024-06-06,25,2,1,0,0,0,1,2
99300256,60000,2024-05-17,29,2,1,0,0,0,1,2
99301707,90000,2024-05-17,29,1,1,0,0,0,1,8
97827811,80000,2024-04-24,30,1,1,0,0,0,1,2
97827901,60000,2024-04-24,30,1,1,0,0,0,1,2
97322475,35000,2024-04-18,30,1,1,0,0,0,1,2
102284217,65000,2024-06-19,31,1,1,0,0,0,1,2
96912510,190000,2024-04-14,27,1,2,0,0,0,1,2
98609678,100000,2024-05-08,27,1,1,0,0,0,3,2
97582743,50000,2024-04-22,27,1,3,0,0,0,1,2
101857195,100000,2024-06-13,27,1,1,0,0,0,1,2
98874871,100000,2024-05-14,24,1,1,0,0,0,1,2
101374791,60000,2024-06-06,24,2,1,0,0,0,1,8
101616410,50000,2024-06-10,26,1,1,0,0,0,1,2
98616143,85000,2024-05-08,22,1,1,0,0,0,1,2
97605190,60000,2024-04-22,22,1,1,0,0,0,1,2
98877275,80000,2024-05-14,24,1,1,0,0,0,1,2
99808005,50000,2024-05-22,27,1,2,0,0,0,1,2
99808251,75000,2024-05-22,24,1,1,0,0,0,1,2
100334447,120000,2024-05-27,29,1,1,0,0,0,1,2
99143158,45000,2024-05-16,26,1,1,0,0,0,1,2
96357384,60000,2024-04-08,31,1,2,0,0,0,1,2
99656355,50000,2024-05-21,28,1,1,0,0,0,1,2
96577279,70000,2024-04-10,24,1,1,0,0,0,1,2
98306695,50000,2024-05-03,27,1,1,0,0,0,1,2
102400494,80000,2024-06-21,28,1,1,0,0,0,1,2
97296238,80000,2024-04-24,24,1,1,0,0,0,1,2
98734810,100000,2024-05-13,28,1,2,0,0,0,1,2
98738649,80000,2024-05-13,23,1,1,0,0,0,1,8
97013797,55000,2024-04-15,31,1,1,0,0,0,1,2
97684524,80000,2024-04-23,26,1,1,0,0,0,1,2
101459091,120000,2024-06-07,27,1,2,0,0,0,1,2
101285577,50000,2024-06-05,28,1,1,0,0,0,1,2
101092290,40000,2024-06-03,27,1,1,0,1,0,3,2
99123945,80000,2024-05-16,27,1,3,0,0,0,1,2
98334878,45000,2024-05-03,30,1,3,0,0,0,1,2
99518665,80000,2024-05-20,24,1,1,0,0,0,1,2
98243528,40000,2024-05-02,22,1,1,0,0,0,1,2
100704568,80000,2024-05-30,31,1,1,0,0,0,1,2
98924645,65000,2024-05-14,30,1,1,0,0,0,1,2
98926288,40000,2024-05-14,24,1,1,0,0,0,1,2
98752767,50000,2024-05-13,27,2,2,0,0,0,1,2
98621615,30000,2024-05-08,31,2,3,0,0,0,4,4
97889350,100000,2024-04-25,28,2,1,0,0,0,1,2
96374383,80000,2024-04-09,24,1,1,0,0,0,1,2
99132054,78000,2024-05-16,30,1,2,0,0,0,1,2
98244372,40000,2024-05-02,22,1,2,0,0,0,1,2
99149744,70000,2024-05-16,22,1,1,0,0,0,1,8
100445963,70000,2024-05-28,22,1,1,0,0,0,1,2
99680082,30000,2024-05-21,27,1,1,0,0,0,1,2
100752670,120000,2024-05-31,26,1,1,0,0,0,1,2
99151093,80000,2024-05-16,27,1,2,0,0,0,1,2
98344634,80000,2024-05-03,22,2,1,1,0,0,1,2
101400800,90000,2024-06-06,23,1,1,0,0,0,1,2
101402672,100000,2024-06-06,22,1,1,0,0,0,1,2
101403195,100000,2024-06-06,28,1,1,0,0,0,1,2
100353997,60000,2024-05-27,28,1,2,0,0,0,1,2
98940689,70000,2024-05-14,27,1,1,0,0,0,1,2
99817614,75000,2024-05-22,28,1,1,0,0,0,1,2
99819942,75000,2024-05-22,24,1,2,0,0,0,1,2
101484697,50000,2024-06-07,26,1,1,0,0,0,1,2
100456713,80000,2024-05-28,24,1,3,0,0,0,1,2
97167852,100000,2024-04-17,23,1,1,0,0,0,1,2
98629991,50000,2024-05-09,29,1,1,0,0,0,1,2
100360491,150000,2024-05-27,30,2,2,0,0,0,1,2
102574028,40000,2024-06-24,25,2,1,0,0,0,1,2
96485515,120000,2024-04-09,31,2,2,0,0,0,1,2
100461704,45000,2024-05-28,28,1,1,0,0,0,4,2
100792003,65000,2024-05-31,23,1,1,0,0,0,1,2
98956686,160000,2024-05-15,27,1,1,0,0,0,1,2
97966210,60000,2024-04-26,31,1,1,0,0,0,1,2
100379899,45000,2024-05-27,28,1,1,0,0,0,1,2
100380636,75000,2024-05-27,28,1,1,0,0,0,1,2
100381402,50000,2024-05-27,28,1,1,0,0,0,1,8
98672081,120000,2024-05-10,23,1,2,0,0,0,1,2
98992391,80000,2024-05-15,24,1,1,0,0,0,1,2
99160685,70000,2024-05-16,26,1,1,0,0,0,1,2
99694539,130000,2024-05-21,29,2,2,0,0,0,1,2
98769132,80000,2024-05-13,24,1,1,0,0,0,1,2
100815584,45000,2024-05-31,24,1,1,0,0,0,1,2
99828927,50000,2024-05-22,26,1,3,0,0,0,1,2
97180193,50000,2024-04-17,27,1,1,0,0,0,1,2
100828705,100000,2024-05-31,29,1,2,0,0,0,1,2
98426309,80000,2024-05-06,22,1,1,0,0,0,1,2
99900303,74000,2024-05-23,24,1,1,0,0,0,1,2
100391474,34000,2024-05-27,27,1,3,0,0,0,1,2
98428074,100000,2024-05-06,31,1,2,0,0,0,1,2
98685457,60000,2024-05-11,26,1,3,0,0,0,1,2
99203742,62000,2024-05-17,23,1,1,0,0,0,1,2
98064391,50000,2024-04-27,26,1,1,0,0,0,1,2
102617411,80000,2024-06-25,30,1,1,0,0,0,1,2
98780604,55000,2024-05-13,22,1,1,0,0,0,1,2
99207621,80000,2024-05-17,24,1,1,0,0,0,1,2
99211842,140000,2024-05-17,23,1,2,0,0,0,1,2
99215199,50000,2024-05-17,26,1,1,0,0,0,1,2
99223512,80000,2024-05-17,23,1,1,0,0,0,1,2
98073942,60000,2024-04-27,29,2,3,0,0,0,3,2
97721438,56000,2024-04-23,28,1,1,0,0,0,1,2
102636861,62000,2024-06-25,23,1,1,0,0,0,1,2
100442144,80000,2024-05-28,24,1,1,0,0,0,1,2
102646562,45000,2024-06-25,31,1,3,0,0,0,1,2
97757097,50000,2024-04-24,22,1,1,0,0,0,1,2
97781926,65000,2024-04-24,22,1,1,0,0,0,1,2
102681742,90000,2024-06-25,29,1,1,0,0,0,1,8
102695249,135000,2024-06-25,28,1,1,0,0,0,1,2
102729573,120000,2024-06-26,23,1,2,0,0,0,1,2
7cd1ecd0-17fa-11ef-9efe-cb26dff57dd7,40000,2024-06-20,23,1,1,0,0,0,1,1
102011545,160000,2024-06-16,29,1,1,0,0,0,1,6
99285332,40700,2024-05-17,28,1,1,0,0,0,1,1
648eafa8-2eac-11ef-9797-e7d0d2cf29b1,40000,2024-06-20,24,1,1,0,0,0,1,1
102323997,150000,2024-06-20,23,1,1,0,0,0,1,6
102553900,50000,2024-06-24,24,1,1,0,0,0,1,5
100146014,47400,2024-05-25,28,3,3,0,0,0,1,5
100146059,61500,2024-05-25,28,1,3,0,0,0,1,5
100146345,121300,2024-05-25,24,1,1,0,0,0,1,5
100146372,142000,2024-05-25,24,1,1,0,0,0,1,5
100146391,98400,2024-05-25,24,1,1,0,0,0,1,5
101673798,100000,2024-06-11,28,1,1,0,0,0,1,7
98440614,106500,2024-05-06,30,1,1,0,0,0,1,5
da62282e-ca7e-11ee-bb1b-ef6fdced905e,50000,2024-04-11,29,1,1,0,0,0,1,1
99005693,180000,2024-05-15,24,2,1,0,0,0,1,1
101438345,50000,2024-06-06,28,1,3,0,0,0,1,1
102116509,100000,2024-06-17,27,2,1,0,0,0,1,1
99699026,160000,2024-05-21,26,1,1,0,0,0,1,1
99699032,160000,2024-05-21,27,1,1,0,0,0,1,1
101260763,45000,2024-06-04,29,1,3,0,0,0,1,1
102328975,100000,2024-06-20,26,1,2,0,0,0,1,1
97413736,77000,2024-04-19,24,1,1,0,0,0,1,1
97414208,70000,2024-04-19,29,1,2,0,0,0,1,1
101875191,80000,2024-06-13,28,1,2,0,0,0,1,1
102124739,35000,2024-06-18,22,1,3,0,0,0,1,5
100435153,73776,2024-05-28,24,1,1,0,0,0,1,1
100439073,46300,2024-05-28,24,1,3,0,0,0,1,1
100439864,85000,2024-05-28,23,1,1,0,0,0,1,1
100442966,90000,2024-05-28,23,1,1,0,0,0,1,7
98182178,150000,2024-05-01,23,1,2,0,0,0,1,7
98182230,150000,2024-05-01,23,1,2,0,0,0,1,7
102330614,200000,2024-06-20,30,2,2,0,0,0,1,6
96370006,90000,2024-04-08,23,1,3,0,0,0,1,3
96370215,90000,2024-04-08,23,1,3,0,0,0,1,5
96373160,60000,2024-04-08,23,1,1,0,0,0,1,1
102415296,135000,2024-06-21,23,1,1,0,0,0,1,7
101686920,75000,2024-06-11,22,1,1,0,0,0,1,1
101687023,41400,2024-06-11,24,2,3,0,0,0,1,1
101447888,1000000,2024-06-07,29,1,4,0,0,0,1,5
101449759,120000,2024-06-07,22,1,1,0,0,0,1,1
97027490,100000,2024-04-15,28,1,1,0,0,0,1,7
97027793,130000,2024-04-15,22,1,1,0,0,0,1,1
102024244,80000,2024-06-16,23,1,1,0,0,0,1,7
102132269,70000,2024-06-18,29,1,1,0,0,0,1,1
101267595,165000,2024-06-04,24,2,2,0,0,0,1,5
99288891,52000,2024-05-17,30,1,3,0,0,0,1,1
98697501,47400,2024-05-11,28,3,3,0,0,0,1,5
98698601,61800,2024-05-11,27,1,3,0,0,0,1,5
98698658,61500,2024-05-11,28,1,3,0,0,0,1,5
98698732,142000,2024-05-11,24,1,1,0,0,0,1,5
102418498,65000,2024-06-21,24,2,1,0,0,0,1,1
100237744,12000,2024-05-27,27,2,3,0,0,0,3,1
99705750,121300,2024-05-21,24,1,1,0,0,0,1,5
99707407,70000,2024-05-21,26,1,3,0,0,0,1,1
99914373,45000,2024-05-23,31,1,1,0,0,0,1,1
99915899,80000,2024-05-23,27,2,3,0,0,0,2,6
99916374,65013,2024-05-23,31,1,3,1,0,0,1,5
102336253,350000,2024-06-20,29,2,2,0,0,0,1,1
102336252,350000,2024-06-20,25,2,2,0,0,0,1,1
102336250,350000,2024-06-20,30,2,2,0,0,0,1,1
102338041,350000,2024-06-20,25,2,2,0,0,0,1,1
102338043,350000,2024-06-20,29,2,2,0,0,0,1,1
102338042,350000,2024-06-20,30,2,2,0,0,0,1,1
98192874,70000,2024-05-02,23,1,3,0,0,0,1,1
98195616,70000,2024-05-02,25,1,1,0,0,0,1,3
98196511,110000,2024-05-02,23,1,1,0,0,0,1,1
98196512,70000,2024-05-02,23,1,1,0,0,0,1,1
98196517,120000,2024-05-02,23,1,1,0,0,0,1,1
96494340,45000,2024-04-09,29,1,1,0,0,0,1,1
96499150,20000,2024-04-09,22,2,1,0,0,0,3,1
102040499,100000,2024-06-17,23,1,2,0,0,0,1,1
102040504,65000,2024-06-17,23,1,1,0,0,0,1,1
102042316,92000,2024-06-17,23,1,1,0,0,0,1,5
96374423,180000,2024-04-08,23,1,1,0,0,0,1,3
101351404,70000,2024-06-05,22,1,3,0,0,0,1,7
101352745,120000,2024-06-05,30,3,3,0,0,0,1,5
101130155,300000,2024-06-03,22,1,2,0,0,0,1,1
99545629,57000,2024-05-20,29,1,1,0,0,0,1,1
98302299,150000,2024-05-03,25,1,1,0,0,0,1,1
102044463,60800,2024-06-17,23,2,1,0,0,0,1,1
102045107,150000,2024-06-17,23,1,1,0,0,0,1,3
102144407,110000,2024-06-18,23,1,1,0,0,0,1,5
102146708,50000,2024-06-18,24,1,1,0,0,0,1,6
100598343,25000,2024-05-29,26,1,3,0,0,0,1,1
98443978,90000,2024-05-06,27,2,3,0,0,0,2,7
97216052,92800,2024-04-17,22,1,1,0,0,0,1,5
101755022,100000,2024-06-11,30,2,1,0,0,0,1,1
97641177,64000,2024-04-22,30,1,1,0,0,0,1,1
96653558,72600,2024-04-11,30,1,1,0,0,0,1,5
96653759,106500,2024-04-11,30,1,1,0,0,0,1,5
98552334,70000,2024-05-07,28,1,1,0,0,0,1,5
ab16f6e5-a472-11ee-af52-295bfdef1967,13000,2024-06-21,22,3,3,0,0,0,3,1
102421828,39000,2024-06-21,24,1,3,1,0,0,1,1
97806987,28750,2024-04-24,31,3,3,1,0,0,1,5
97806993,65013,2024-04-24,31,1,3,1,0,0,1,5
97806996,62064,2024-04-24,31,2,3,1,0,0,1,5
97807733,65000,2024-04-24,31,2,3,1,0,0,1,5
97807802,65000,2024-04-24,31,1,3,1,0,0,1,5
102147634,72087,2024-06-18,23,1,1,0,0,0,1,5
102574245,90000,2024-06-24,24,1,1,0,0,0,1,1
98740319,88000,2024-05-13,23,2,1,0,0,0,1,5
98740867,60000,2024-05-13,23,3,3,0,0,0,1,7
101876804,100000,2024-06-14,28,2,1,0,0,0,1,1
101879851,150000,2024-06-14,27,2,1,0,0,0,1,1
101268961,150000,2024-06-04,22,1,1,0,0,0,1,6
101269850,60000,2024-06-04,29,1,1,0,1,0,1,1
101270079,154000,2024-06-04,27,2,2,0,0,0,1,5
98868375,80000,2024-05-14,23,1,1,0,0,0,1,1
98196709,150000,2024-05-02,22,1,1,0,0,0,1,6
98198893,42000,2024-05-02,28,1,3,0,0,0,1,1
98199708,85000,2024-05-02,23,1,3,0,0,0,1,1
98199953,50000,2024-05-02,28,1,3,0,0,0,1,1
101542396,69440,2024-06-08,28,1,3,0,0,0,1,5
101542665,98000,2024-06-08,23,1,1,0,0,0,1,5
98304755,70000,2024-05-03,26,2,3,0,0,0,3,6
97429030,250000,2024-04-19,25,2,2,0,0,0,1,1
97429714,80000,2024-04-19,24,1,1,0,0,0,1,7
99713071,180000,2024-05-21,27,1,1,0,0,0,1,7
98995161,60000,2024-05-15,24,1,3,0,0,0,1,3
102421930,102000,2024-06-21,30,1,1,0,0,0,1,5
102423122,160000,2024-06-21,27,2,1,0,0,0,1,7
102423331,71000,2024-06-21,24,2,1,0,0,0,1,1
102423414,95000,2024-06-21,24,2,2,0,0,0,1,7
100269604,98000,2024-05-27,23,1,1,0,0,0,1,5
100276829,60000,2024-05-27,24,1,1,0,0,0,1,1
100281230,75000,2024-05-27,23,1,3,0,0,0,1,1
102049946,150000,2024-06-17,23,1,1,0,0,0,1,5
100609173,42100,2024-05-29,29,3,3,0,0,0,1,5
102333803,60000,2024-06-20,24,1,1,0,0,0,1,5
98558285,60625,2024-05-07,29,3,3,0,0,0,1,5
98558674,120000,2024-05-07,26,2,2,0,0,0,1,1
96380760,115000,2024-04-08,22,2,1,0,0,0,1,7
101800690,40000,2024-06-13,29,1,3,1,0,0,1,6
101807392,135000,2024-06-13,23,1,1,0,0,0,1,1
101576880,41000,2024-06-09,22,2,3,1,0,0,1,1
99145891,150000,2024-05-16,28,4,2,0,0,0,1,7
99149799,80000,2024-05-16,27,2,3,0,0,0,2,7
102152367,75000,2024-06-18,28,1,1,0,0,0,1,1
100452347,100000,2024-05-28,28,2,1,0,0,0,1,3
99304782,120000,2024-05-17,30,1,2,0,0,0,1,5
99304781,120000,2024-05-17,29,1,2,0,0,0,1,5
101808557,130000,2024-06-13,24,1,3,0,0,0,1,1
98746076,42000,2024-05-13,22,1,1,0,0,0,1,6
101275283,138000,2024-06-04,24,2,1,0,0,0,1,5
101361809,80000,2024-06-05,27,1,1,0,0,0,1,5
101361805,80000,2024-06-05,23,1,1,0,0,0,1,5
99030855,50000,2024-05-15,31,1,1,0,0,0,1,1
99031131,80000,2024-05-15,24,1,1,0,0,0,1,1
99031793,150000,2024-05-15,27,2,1,0,0,0,1,7
101479437,80000,2024-06-07,24,1,1,0,0,0,1,6
100891854,51900,2024-06-01,28,1,3,0,0,0,1,5
100891869,61500,2024-06-01,25,1,1,0,0,0,1,5
100892103,47400,2024-06-01,27,1,3,0,0,0,1,5
100892421,62064,2024-06-01,31,1,3,1,0,0,1,5
100892418,65000,2024-06-01,31,1,3,1,0,0,1,5
100892558,106500,2024-06-01,29,1,1,0,0,0,1,5
100892560,72600,2024-06-01,30,1,1,0,0,0,1,5
100892559,93000,2024-06-01,30,1,1,0,0,0,1,5
102212414,150000,2024-06-19,23,2,1,0,0,0,1,5
102581876,100000,2024-06-24,24,2,1,0,0,0,1,7
97227536,70200,2024-04-17,22,1,3,0,0,0,1,5
97228049,100000,2024-04-17,27,1,1,0,0,0,1,1
99316765,54000,2024-05-18,31,1,3,0,0,0,1,1
102344783,200000,2024-06-20,27,2,1,0,0,0,1,7
102345295,35000,2024-06-20,24,1,3,0,0,0,1,1
96669417,80000,2024-04-11,23,1,1,0,0,0,1,3
96675381,60000,2024-04-11,27,1,3,0,0,0,1,3
98553220,66000,2024-05-07,26,1,1,0,0,0,1,1
98562813,250000,2024-05-08,30,2,2,0,0,0,1,1
98878378,65000,2024-05-14,31,3,3,1,0,0,1,5
98879942,30000,2024-05-14,24,1,1,0,0,0,3,1
102425536,63000,2024-06-21,24,1,1,0,0,0,1,1
102426889,79240,2024-06-21,22,1,3,0,0,0,1,5
102426959,46000,2024-06-21,24,1,1,0,0,0,1,1
101596719,142000,2024-06-10,24,1,1,0,0,0,1,5
99042442,53460,2024-05-15,31,1,3,0,0,0,1,1
99718977,50000,2024-05-21,26,1,1,0,0,0,1,1
101287244,150000,2024-06-05,27,2,1,0,0,0,1,5
102429273,70000,2024-06-21,30,1,1,0,0,0,1,1
99934630,50000,2024-05-23,30,1,1,0,0,0,1,5
100980203,150000,2024-06-02,23,1,2,0,0,0,1,7
100980217,150000,2024-06-02,23,1,2,0,0,0,1,7
101814406,180000,2024-06-13,28,1,2,0,0,0,1,1
101816501,100000,2024-06-13,27,1,2,0,0,0,1,6
100284926,55000,2024-05-27,23,1,1,0,0,0,1,3
100288839,100000,2024-05-27,27,1,1,0,0,0,1,1
96500718,65759,2024-04-09,30,1,1,0,0,0,1,1
96502287,150000,2024-04-09,23,1,1,0,0,0,1,5
102053892,40000,2024-06-17,24,1,1,0,0,0,1,1
97645189,80000,2024-04-22,31,2,3,0,0,0,2,6
97646917,51900,2024-04-23,28,1,3,0,0,0,1,5
97647425,80000,2024-04-23,31,1,1,0,0,0,1,1
96804307,91000,2024-04-12,22,1,2,0,0,0,1,5
96804527,47400,2024-04-12,28,3,3,0,0,0,1,5
96809046,73000,2024-04-12,28,1,1,0,0,0,1,5
98747055,100000,2024-05-13,28,1,1,0,0,0,1,6
98748177,70000,2024-05-13,24,1,1,0,0,0,1,1
98748594,130000,2024-05-13,27,1,2,0,0,0,1,5
98748675,70000,2024-05-13,24,1,1,0,0,0,1,1
98749927,60000,2024-05-13,27,1,3,0,0,0,1,3
98750943,100000,2024-05-13,31,1,1,0,0,0,1,1
101302539,72000,2024-06-05,23,1,1,0,0,0,1,1
101302551,85000,2024-06-05,23,1,2,0,0,0,1,3
101886367,68000,2024-06-14,25,2,1,0,0,0,1,1
97440138,50000,2024-04-19,25,1,1,0,0,0,1,1
99378866,65000,2024-05-18,31,1,3,1,0,0,1,5
99379529,106500,2024-05-18,30,1,1,0,0,0,1,5
99379530,72600,2024-05-18,30,1,1,0,0,0,1,5
99379687,106500,2024-05-18,29,1,1,0,0,0,1,5
99379754,51900,2024-05-18,28,1,3,0,0,0,1,5
99379770,65000,2024-05-18,31,1,3,1,0,0,1,5
102592592,55000,2024-06-24,27,1,1,0,0,0,1,1
101598584,58500,2024-06-10,24,1,2,0,0,0,1,1
101600828,25000,2024-06-10,27,1,3,0,0,0,1,1
98884668,110000,2024-05-14,22,1,2,0,0,0,1,7
101023795,120000,2024-06-03,23,1,1,0,0,0,1,1
101023796,70000,2024-06-03,23,1,1,0,0,0,1,1
101023797,110000,2024-06-03,23,1,1,0,0,0,1,1
101893142,85000,2024-06-14,23,1,1,0,0,0,1,7
98314240,91500,2024-05-03,24,1,1,0,0,0,1,5
99939765,50000,2024-05-23,26,1,2,0,0,0,1,1
99941894,80000,2024-05-23,24,1,2,0,0,0,1,1
99153508,80000,2024-05-16,27,1,2,0,0,0,1,1
96383761,80000,2024-04-08,27,1,1,0,0,0,1,1
96384247,70000,2024-04-08,23,1,1,0,0,0,1,1
96385683,260400,2024-04-08,28,2,2,1,0,0,3,1
102348383,350000,2024-06-20,26,1,1,0,0,0,1,1
101817777,60000,2024-06-13,27,1,3,0,0,0,1,3
97245580,80000,2024-04-18,27,2,1,0,0,0,1,1
99049679,50000,2024-05-15,22,1,2,0,0,0,1,1
98891252,50200,2024-05-14,22,1,1,0,0,0,1,1
98891641,56000,2024-05-14,22,1,1,0,0,0,1,1
100464024,110000,2024-05-28,24,2,1,0,0,0,1,6
100464026,110000,2024-05-28,28,2,1,0,0,0,1,6
99950783,80000,2024-05-23,28,1,2,0,0,0,1,6
101493415,160000,2024-06-07,26,1,2,0,0,0,1,7
101493412,160000,2024-06-07,27,1,2,0,0,0,1,7
101493419,160000,2024-06-07,24,1,2,0,0,0,1,7
99386843,70000,2024-05-18,23,1,1,0,0,0,1,7
97039928,40000,2024-04-16,31,1,3,0,0,0,1,1
98322185,45000,2024-05-03,31,1,1,0,0,0,1,1
101602058,100000,2024-06-10,30,3,2,0,0,0,2,5
101602059,100000,2024-06-10,29,3,2,0,0,0,2,5
101603044,65000,2024-06-10,24,1,1,0,0,0,1,5
101604077,92800,2024-06-10,22,1,1,0,0,0,1,5
98206534,150000,2024-05-02,28,1,1,0,0,0,1,1
101307479,80000,2024-06-05,31,1,1,0,0,0,1,6
101307999,200000,2024-06-05,24,5,2,0,0,0,1,1
102595589,80000,2024-06-24,22,1,2,0,0,0,1,1
102058150,100000,2024-06-17,28,1,1,0,0,0,1,1
102058861,70000,2024-06-17,23,1,1,0,0,0,1,1
98581464,120000,2024-05-08,23,1,1,0,0,0,1,1
98581927,95000,2024-05-08,23,1,1,0,0,0,1,1
96811022,56500,2024-04-12,29,1,1,0,0,0,1,1
96815670,120000,2024-04-12,29,1,2,0,0,0,1,1
99558647,350000,2024-05-20,26,1,1,0,0,0,1,1
99528208,80000,2024-05-20,24,1,1,0,0,0,1,5
97831577,70000,2024-04-24,28,1,1,0,0,0,1,5
97833193,75000,2024-04-25,30,1,1,0,0,0,1,7
98457346,72600,2024-05-06,30,1,1,0,0,0,1,5
98457767,121300,2024-05-06,24,1,1,0,0,0,1,5
98457899,91500,2024-05-06,24,1,1,0,0,0,1,5
98458057,85900,2024-05-06,24,1,3,0,0,0,1,5
98458060,98400,2024-05-06,24,1,1,0,0,0,1,5
98458067,65000,2024-05-06,31,1,3,0,0,0,1,5
98458101,65000,2024-05-06,31,1,3,1,0,0,1,5
98458123,98400,2024-05-06,24,1,1,0,0,0,1,5
98458120,121300,2024-05-06,24,1,1,0,0,0,1,5
98458298,106000,2024-05-06,29,1,2,0,0,0,1,5
98458725,200000,2024-05-06,31,1,1,0,0,0,1,5
101823565,80000,2024-06-13,31,1,3,0,0,0,1,1
102441944,75400,2024-06-21,26,1,1,0,0,0,1,5
98756020,25000,2024-05-13,26,1,2,0,0,0,1,1
102162900,80000,2024-06-18,22,3,1,0,0,0,1,3
101901755,100000,2024-06-14,23,1,1,0,0,0,1,1
101901763,60800,2024-06-14,23,1,3,0,0,0,1,1
102351544,250000,2024-06-20,29,2,2,0,0,0,1,1
102351541,250000,2024-06-20,25,2,2,0,0,0,1,1
102351542,250000,2024-06-20,30,2,2,0,0,0,1,1
102351929,80000,2024-06-20,31,1,1,0,0,0,1,1
102352089,60000,2024-06-20,24,1,1,0,0,0,1,1
100293590,100000,2024-05-27,30,1,2,0,0,0,1,5
100293874,60000,2024-05-27,28,1,1,0,0,0,1,1
101604856,38000,2024-06-10,25,1,3,0,0,0,1,1
101605130,120000,2024-06-10,24,1,2,0,0,0,1,1
101183176,100000,2024-06-04,23,2,1,1,0,0,1,7
102059017,78000,2024-06-17,31,1,1,0,0,0,1,5
102059175,140000,2024-06-17,22,2,1,0,0,0,1,3
102060129,80000,2024-06-17,27,1,3,0,0,0,1,1
102170287,48000,2024-06-18,28,1,1,0,0,0,1,1
102170378,50000,2024-06-18,22,1,1,0,0,0,1,1
102446032,115000,2024-06-21,22,2,1,0,0,0,1,7
97253479,47400,2024-04-18,28,3,3,0,0,0,1,5
97259354,106000,2024-04-18,29,1,2,0,0,0,1,5
97259360,70000,2024-04-18,29,1,1,0,0,0,1,5
97259380,106500,2024-04-18,29,1,1,0,0,0,1,5
97259383,106500,2024-04-18,30,1,1,0,0,0,1,5
97259382,72600,2024-04-18,29,1,1,0,0,0,1,5
97259384,72600,2024-04-18,30,1,1,0,0,0,1,5
99055278,68000,2024-05-15,25,2,1,0,0,0,1,1
99960105,95000,2024-05-23,24,1,1,0,0,0,1,1
101697229,84400,2024-06-11,24,3,3,0,0,0,1,5
101697374,250000,2024-06-11,27,2,2,0,0,0,1,7
102216219,35000,2024-06-19,30,1,2,0,0,0,1,7
ffa16a75-da0e-11ee-be4e-cb26dff57dd7,33500,2024-06-06,26,1,3,0,0,0,1,1
101494468,70000,2024-06-07,27,1,1,0,0,0,1,1
101311130,80000,2024-06-05,22,1,2,0,0,0,1,1
101313765,50000,2024-06-05,24,1,1,0,0,0,1,1
98761625,260400,2024-05-13,26,2,2,1,0,0,3,1
99419069,40000,2024-05-19,23,2,1,1,0,0,1,5
99466563,30000,2024-05-19,29,2,1,0,0,0,3,5
102353708,90000,2024-06-20,30,1,1,0,0,0,1,1
97462578,100000,2024-04-20,23,2,3,1,0,0,1,1
97463954,250000,2024-04-20,23,2,1,0,0,0,1,3
98763542,180000,2024-05-13,30,2,1,0,0,0,1,1
100471858,50000,2024-05-28,26,1,1,0,0,0,1,5
98217226,45000,2024-05-02,26,1,3,0,0,0,1,1
97077071,77000,2024-04-16,27,1,1,0,0,0,1,5
98329740,50000,2024-05-03,22,1,3,0,0,0,1,6
97674290,100000,2024-04-23,22,2,2,0,0,0,3,5
101903742,50000,2024-06-14,29,1,1,0,0,0,1,1
98586494,100000,2024-05-08,22,1,1,0,0,0,1,1
98586515,150000,2024-05-08,23,1,2,0,0,0,1,5
98586823,75000,2024-05-08,23,1,3,0,0,0,1,5
98587356,60000,2024-05-08,28,1,1,0,0,0,1,7
99569590,56700,2024-05-20,24,3,3,0,0,0,1,5
97472412,300000,2024-04-20,27,1,2,0,0,0,1,1
97490594,56700,2024-04-20,25,3,3,0,0,0,1,5
98766890,80000,2024-05-13,22,1,1,0,0,0,1,1
98767631,120000,2024-05-13,27,1,1,0,0,0,1,1
98767628,120000,2024-05-13,26,1,1,0,0,0,1,1
98767790,80000,2024-05-13,23,1,1,0,0,0,1,1
101498113,120000,2024-06-07,28,1,1,0,0,0,1,1
98589746,150000,2024-05-08,27,1,1,0,0,0,1,6
98463694,30000,2024-05-06,31,1,3,0,0,0,1,1
101701859,82500,2024-06-11,28,1,1,0,0,0,1,7
102066604,121300,2024-06-17,24,1,1,0,0,0,1,5
102066819,134800,2024-06-17,24,1,1,0,0,0,1,5
102452129,60000,2024-06-22,22,1,3,0,0,0,1,1
102223310,160000,2024-06-19,27,2,1,0,0,0,1,7
101207699,100000,2024-06-04,23,1,3,0,0,0,1,7
101211907,120000,2024-06-04,24,1,1,0,0,0,1,1
97680758,60000,2024-04-23,22,1,1,0,0,0,1,1
101501433,70000,2024-06-07,24,2,1,0,0,0,1,5
102176182,98400,2024-06-18,24,1,1,0,0,0,1,5
101389590,150000,2024-06-06,24,1,1,0,0,0,1,7
101391133,200000,2024-06-06,22,2,4,0,0,0,1,7
99580292,80000,2024-05-20,28,1,3,0,0,0,1,1
100303284,55000,2024-05-27,24,1,3,0,0,0,1,1
101709518,32800,2024-06-11,26,1,3,0,0,0,1,1
101709960,90000,2024-06-11,23,1,3,0,0,0,1,7
98220798,40000,2024-05-02,29,4,3,1,0,0,3,1
100627211,70000,2024-05-29,31,1,1,0,0,0,1,3
96510975,40000,2024-04-09,31,1,1,0,0,0,1,1
96515313,60000,2024-04-09,29,1,2,0,0,0,1,1
97286724,80471,2024-04-18,23,1,1,0,0,0,1,1
101317876,150000,2024-06-05,27,1,1,0,0,0,1,1
101318282,170000,2024-06-05,28,2,2,0,0,0,1,6
99061637,100000,2024-05-15,22,1,1,0,0,0,1,3
102454552,300000,2024-06-22,28,1,1,0,0,0,1,6
102454564,300000,2024-06-22,24,1,1,0,0,0,1,6
102454561,300000,2024-06-22,26,1,1,0,0,0,1,6
102454555,300000,2024-06-22,27,1,1,0,0,0,1,6
102454568,300000,2024-06-22,31,1,1,0,0,0,1,6
100478526,37900,2024-05-28,31,1,3,0,0,0,1,1
100479086,38000,2024-05-28,25,1,1,0,0,0,1,1
96422828,170000,2024-04-08,27,1,2,0,0,0,1,1
96424051,160000,2024-04-08,27,2,1,0,0,0,1,7
101907949,52000,2024-06-14,29,1,3,0,0,0,1,1
97545228,50000,2024-04-21,28,1,1,0,0,0,1,1
98331089,85900,2024-05-03,24,1,3,0,0,0,1,5
98332412,70000,2024-05-03,26,1,1,0,0,0,1,1
96819209,100000,2024-04-12,28,1,1,0,0,0,1,6
96822876,90000,2024-04-12,26,3,3,0,0,0,3,3
99509461,80471,2024-05-20,23,1,1,0,0,0,1,1
99510634,60000,2024-05-20,23,3,3,0,0,0,1,7
99513325,102480,2024-05-20,23,1,1,0,0,0,1,3
102232269,100000,2024-06-19,23,1,1,0,0,0,1,1
102232913,100000,2024-06-19,23,1,1,0,0,0,1,1
102235311,64600,2024-06-19,31,1,3,1,0,0,1,5
100664797,154420,2024-05-30,24,1,1,0,0,0,1,1
100665086,75000,2024-05-30,23,1,3,0,0,0,1,1
99066954,80000,2024-05-16,22,2,3,0,0,0,2,7
102473785,134800,2024-06-22,24,1,1,0,0,0,1,5
102473824,61500,2024-06-22,25,1,1,0,0,0,1,5
102473827,64600,2024-06-22,31,1,3,1,0,0,1,5
102473842,64600,2024-06-22,31,1,3,1,0,0,1,5
102473852,64600,2024-06-22,31,1,3,1,0,0,1,5
102473853,64600,2024-06-22,31,1,3,1,0,0,1,5
102473902,102000,2024-06-22,30,1,1,0,0,0,1,5
102474039,98400,2024-06-22,24,1,1,0,0,0,1,5
102474096,85900,2024-06-22,24,1,3,0,0,0,1,5
101205914,150000,2024-06-04,24,1,2,0,0,0,1,1
98908032,55000,2024-05-14,26,1,1,0,0,0,1,1
102610185,40000,2024-06-24,31,4,3,0,0,0,1,1
98772223,170000,2024-05-13,26,2,1,0,0,0,1,1
97083313,150000,2024-04-16,23,1,2,0,0,0,1,1
99782585,50000,2024-05-22,24,1,1,0,0,0,1,5
102069731,60000,2024-06-17,28,1,1,0,0,0,1,7
98467513,70000,2024-05-06,27,1,1,0,0,0,1,1
98468508,70000,2024-05-06,31,1,1,0,0,0,1,1
96428557,80000,2024-04-08,27,2,3,0,0,0,2,6
98226125,50000,2024-05-02,22,3,1,0,0,0,1,1
96517707,40000,2024-04-09,28,1,1,0,0,0,1,1
96518376,50000,2024-04-09,26,1,1,0,0,0,1,1
101040001,70000,2024-06-03,23,1,1,0,0,0,1,6
98909146,130000,2024-05-14,22,1,1,0,0,0,1,6
102238069,50000,2024-06-19,23,1,1,0,0,0,1,1
99521981,70000,2024-05-20,23,1,3,0,0,0,1,7
99924117,65700,2024-05-23,28,1,3,0,0,0,1,5
102366934,60000,2024-06-20,30,1,1,0,0,0,1,1
102368037,110000,2024-06-20,31,2,1,0,0,0,1,6
98595809,120000,2024-05-08,23,1,2,0,0,0,1,5
98595895,140000,2024-05-08,23,1,2,0,0,0,1,6
101620822,90000,2024-06-10,27,2,3,0,0,0,1,7
99595758,100000,2024-05-20,23,1,1,0,0,0,1,1
101504422,55000,2024-06-07,22,1,3,0,0,0,1,1
96434529,60000,2024-04-08,27,1,1,0,0,0,1,7
101043503,45000,2024-06-03,31,1,1,0,0,0,1,1
102180175,85900,2024-06-18,24,1,3,0,0,0,1,5
102182232,200000,2024-06-18,24,1,1,0,0,0,1,7
101722400,50000,2024-06-11,29,1,1,0,0,0,1,1
98597156,67739,2024-05-08,28,1,1,0,0,0,1,5
97295944,45000,2024-04-18,26,1,3,0,0,0,1,1
97297742,60000,2024-04-18,24,1,3,0,0,0,1,1
99081854,160000,2024-05-16,27,2,1,0,0,0,1,7
100672128,62064,2024-05-30,31,1,3,1,0,0,1,5
100672150,28750,2024-05-30,31,3,3,1,0,0,3,5
100676927,80000,2024-05-30,30,2,3,0,0,0,2,6
97862209,65000,2024-04-25,31,1,3,1,0,0,1,5
97868400,80000,2024-04-25,22,2,3,0,0,0,2,1
96703898,145000,2024-04-11,23,1,2,0,0,0,1,5
96828417,65000,2024-04-12,28,1,3,0,0,0,1,1
101328535,70000,2024-06-05,30,1,1,0,0,0,1,5
99529355,80000,2024-05-20,31,2,3,0,0,0,2,6
99794376,80000,2024-05-22,22,2,3,0,0,0,2,6
102375751,30000,2024-06-21,24,4,4,0,0,0,1,1
97694256,60000,2024-04-23,30,1,3,0,0,0,1,1
97694435,75000,2024-04-23,23,1,3,0,0,0,1,1
97694434,75000,2024-04-23,23,1,3,0,0,0,1,1
97694660,90000,2024-04-23,23,1,1,0,0,0,1,5
101840116,350000,2024-06-13,22,1,2,0,0,0,1,7
101840114,350000,2024-06-13,24,1,2,0,0,0,1,7
101840115,350000,2024-06-13,28,1,2,0,0,0,1,7
101840118,350000,2024-06-13,26,1,2,0,0,0,1,7
101841564,100000,2024-06-13,31,3,3,0,0,0,2,6
98774918,60000,2024-05-13,30,1,1,0,0,0,1,1
98777269,200000,2024-05-13,27,1,2,0,0,0,1,1
98471310,106500,2024-05-06,29,1,1,0,0,0,1,5
98471392,61500,2024-05-06,25,1,1,0,0,0,1,5
98471403,51900,2024-05-06,28,1,3,0,0,0,1,5
98472239,80000,2024-05-06,28,1,3,0,0,0,1,1
100481337,110000,2024-05-28,28,2,1,0,0,0,1,1
100481482,106500,2024-05-28,29,1,1,0,0,0,1,5
102535989,87000,2024-06-24,23,1,2,0,0,0,1,5
101910522,55000,2024-06-14,29,1,1,0,0,0,1,5
99600148,72000,2024-05-20,29,1,1,0,0,0,1,5
97553419,42302,2024-04-22,24,1,3,0,0,0,1,1
97566329,180000,2024-04-22,23,1,3,0,0,0,1,1
97569845,60000,2024-04-22,23,3,3,0,0,0,1,7
97569898,150000,2024-04-22,23,1,1,0,0,0,1,6
97572411,80000,2024-04-22,23,1,1,0,0,0,1,7
100329537,40000,2024-05-27,28,1,3,0,0,0,1,5
102612182,80000,2024-06-24,25,1,4,0,0,0,1,5
102613448,200000,2024-06-25,29,2,1,0,0,0,1,1
101231230,150000,2024-06-04,29,1,1,0,0,0,1,1
98920510,100000,2024-05-14,29,1,1,0,0,0,1,5
98921886,140000,2024-05-14,22,1,2,0,0,0,1,5
98922171,20000,2024-05-14,27,1,3,0,0,0,1,5
98239153,85000,2024-05-02,23,1,1,0,0,0,1,1
101402501,50000,2024-06-06,29,2,1,0,0,0,1,5
99105007,62064,2024-05-16,31,1,3,1,0,0,1,5
99106082,120000,2024-05-16,23,1,2,0,0,0,1,5
99106894,85900,2024-05-16,24,1,3,0,0,0,1,5
100678330,80000,2024-05-30,27,2,3,0,0,0,2,6
100680585,60000,2024-05-30,28,1,1,0,0,0,1,1
101508127,60000,2024-06-07,24,1,1,0,0,0,1,1
101510708,85700,2024-06-07,28,1,1,0,0,0,1,5
99177897,80000,2024-05-17,29,1,1,0,0,0,1,1
97093746,195000,2024-04-16,29,2,1,0,0,0,1,1
97095076,150000,2024-04-16,27,2,2,0,0,0,1,6
96526977,100000,2024-04-09,22,1,1,0,0,0,1,5
101050403,107003,2024-06-03,24,1,1,0,0,0,1,1
102543958,180000,2024-06-24,23,1,3,0,0,0,1,1
102544327,130000,2024-06-24,23,1,1,0,0,0,1,1
97303685,107000,2024-04-18,24,1,1,0,0,0,1,1
96833622,40000,2024-04-12,22,1,3,0,0,0,1,1
101845422,110000,2024-06-13,24,1,1,0,0,0,1,7
101845809,160000,2024-06-13,28,1,1,0,0,0,1,7
101845815,160000,2024-06-13,24,1,1,0,0,0,1,7
101845810,160000,2024-06-13,26,1,1,0,0,0,1,7
101737628,160000,2024-06-11,31,1,3,0,0,0,1,1
101738137,200000,2024-06-11,31,1,1,0,0,0,1,1
99799951,70000,2024-05-22,30,1,1,0,0,0,1,1
102250877,75000,2024-06-19,28,3,1,0,0,0,1,6
96481312,34000,2024-04-09,27,1,3,0,0,0,1,7
98782787,52000,2024-05-13,23,1,1,0,0,0,1,1
98478153,61500,2024-05-06,28,1,3,0,0,0,1,5
97699841,50000,2024-04-23,27,1,3,0,0,0,4,1
99604248,45000,2024-05-20,25,2,1,0,0,0,1,1
98343245,70000,2024-05-03,27,1,1,0,0,0,1,7
99535885,500000,2024-05-20,22,1,3,0,0,0,1,5
100487461,38000,2024-05-28,27,2,3,1,0,0,1,1
100487647,38000,2024-05-28,27,2,3,1,0,0,1,1
100488047,38000,2024-05-28,29,2,3,1,0,0,1,1
100490371,38000,2024-05-28,29,2,3,1,0,0,1,1
100490403,38000,2024-05-28,27,2,3,1,0,0,1,1
102551173,100000,2024-06-24,31,1,1,0,0,0,1,1
101913620,75000,2024-06-14,22,1,3,0,0,0,1,1
101739192,200000,2024-06-11,31,1,2,0,0,0,1,1
101404305,50000,2024-06-06,22,1,3,0,0,0,1,1
98604728,70000,2024-05-08,25,1,1,0,0,0,1,5
98606635,55562,2024-05-08,28,1,1,0,0,0,1,1
99975406,120000,2024-05-23,31,2,1,0,0,0,1,6
99975404,120000,2024-05-23,27,2,1,0,0,0,1,6
99111149,40000,2024-05-16,31,1,3,0,0,0,1,1
99113489,85000,2024-05-16,29,1,1,0,0,0,1,5
99114304,50000,2024-05-16,22,1,1,0,0,0,1,1
99114519,200000,2024-05-16,27,1,3,0,0,0,1,1
99804456,70000,2024-05-22,31,1,1,0,0,0,1,1
99805486,56400,2024-05-22,26,2,3,0,0,0,1,1
97578719,61000,2024-04-22,29,1,1,0,0,0,1,1
97578987,50000,2024-04-22,27,1,3,0,0,0,1,1
100684280,70000,2024-05-30,25,1,1,0,0,0,1,7
98924563,80000,2024-05-14,26,1,1,0,0,0,1,1
102195680,100000,2024-06-18,28,1,1,0,0,0,1,7
101515711,104500,2024-06-07,29,1,1,0,0,0,1,5
101516316,280000,2024-06-07,24,2,2,0,0,0,1,1
101516302,280000,2024-06-07,26,2,2,0,0,0,1,1
101516313,280000,2024-06-07,28,2,2,0,0,0,1,1
101517725,50000,2024-06-07,26,1,3,0,0,0,1,1
102076685,180000,2024-06-17,30,2,1,0,0,0,1,1
101849445,60000,2024-06-13,28,1,1,0,0,0,1,1
96481851,80000,2024-04-09,22,1,1,0,0,0,1,6
96487936,72000,2024-04-09,22,1,1,0,0,0,1,1
102380617,50000,2024-06-21,31,2,3,0,0,0,1,1
101237085,75000,2024-06-04,28,1,1,0,0,0,1,5
99201868,70000,2024-05-17,23,1,3,0,0,0,1,7
99203117,75000,2024-05-17,23,1,1,0,0,0,1,7
99205415,100000,2024-05-17,23,1,2,0,0,0,1,1
99205450,65000,2024-05-17,23,1,1,0,0,0,1,1
96706835,50000,2024-04-11,22,1,3,0,0,0,1,7
96707317,280000,2024-04-11,22,1,2,0,0,0,1,6
96709732,42000,2024-04-11,28,1,3,1,0,0,1,1
96709856,36000,2024-04-11,28,1,1,1,0,0,1,1
96710292,51000,2024-04-11,31,1,3,0,0,0,1,7
102622871,80000,2024-06-25,31,1,1,0,0,0,1,1
102623461,180000,2024-06-25,27,2,1,0,0,0,1,6
97883096,55000,2024-04-25,29,1,3,0,0,0,2,1
97305515,75000,2024-04-18,24,1,1,0,0,0,1,5
98347523,50000,2024-05-03,26,1,3,0,0,0,1,1
96862774,250000,2024-04-13,28,2,2,0,0,0,1,6
96868658,65800,2024-04-13,28,3,3,0,0,0,1,5
96868682,61800,2024-04-13,27,1,3,0,0,0,1,5
96868839,51900,2024-04-13,28,3,3,0,0,0,1,5
102392641,150000,2024-06-21,23,1,1,0,0,0,1,6
102260357,38000,2024-06-19,25,1,1,0,0,0,1,1
102262089,195000,2024-06-19,29,2,1,0,0,0,1,1
99115237,80000,2024-05-16,24,1,1,0,0,0,1,1
99118266,220000,2024-05-16,27,1,2,0,0,0,1,1
102197718,250000,2024-06-18,24,1,1,0,0,0,1,1
96712507,160000,2024-04-11,31,1,1,0,0,0,1,1
96712504,160000,2024-04-11,27,1,1,0,0,0,1,1
96712503,160000,2024-04-11,26,1,1,0,0,0,1,1
96712501,160000,2024-04-11,24,1,1,0,0,0,1,1
101637008,50000,2024-06-10,27,1,3,0,0,0,1,1
101638944,40000,2024-06-10,28,1,3,0,0,0,1,1
101417021,50000,2024-06-06,22,1,3,0,0,0,1,1
101419299,70000,2024-06-06,24,1,1,0,0,0,1,1
102397824,50000,2024-06-21,23,1,1,0,0,0,1,1
101851815,70000,2024-06-13,26,1,1,0,0,0,1,1
97884385,60000,2024-04-25,26,1,3,0,0,0,1,1
97884773,60000,2024-04-25,26,1,3,0,0,0,1,1
100340197,60000,2024-05-27,30,1,3,0,0,0,1,1
97706185,38000,2024-04-23,25,1,3,0,0,0,1,1
97707065,80000,2024-04-23,22,1,1,0,0,0,1,7
97708065,100000,2024-04-23,24,1,1,0,0,0,1,1
97709094,113000,2024-04-23,22,1,2,0,0,0,1,5
96717438,65000,2024-04-11,31,2,3,1,0,0,1,5
98792314,70000,2024-05-13,29,1,1,0,0,0,1,1
97102469,50000,2024-04-16,23,1,1,0,0,0,1,1
99609311,80460,2024-05-21,27,1,1,0,0,0,1,1
101252595,55000,2024-06-04,24,1,1,0,0,0,1,1
102641314,80000,2024-06-25,24,1,1,0,0,0,1,1
102642941,150000,2024-06-25,22,2,1,0,0,0,1,5
96916900,42300,2024-04-14,24,1,3,0,0,0,1,1
102079487,70000,2024-06-17,29,1,1,0,0,0,1,1
99823924,75000,2024-05-22,24,1,2,0,0,0,1,1
98487790,60000,2024-05-06,30,1,2,0,0,0,1,7
99123748,80000,2024-05-16,27,1,3,0,0,0,1,1
98359534,70000,2024-05-04,29,1,1,0,0,0,1,1
99988002,66500,2024-05-24,25,1,1,0,0,0,1,1
97311123,87000,2024-04-18,29,1,1,0,0,0,1,1
97311447,87000,2024-04-18,28,1,1,0,0,0,1,1
97316299,55000,2024-04-18,24,2,1,0,0,0,1,1
101924285,30000,2024-06-14,22,1,3,0,0,0,1,1
101856989,110000,2024-06-13,27,1,1,0,0,0,1,7
98263867,72000,2024-05-02,26,1,2,0,0,0,1,1
97584301,75000,2024-04-22,22,1,1,0,0,0,1,1
97581505,100000,2024-04-22,26,1,1,0,0,0,1,1
100505736,70000,2024-05-28,27,1,1,0,0,0,1,1
98488110,35000,2024-05-06,22,1,3,0,0,0,1,1
98489250,120000,2024-05-07,30,3,1,0,0,0,1,5
100007849,103400,2024-05-24,23,1,1,0,0,0,1,5
100010826,60000,2024-05-24,23,1,3,0,0,0,1,5
99220407,110000,2024-05-17,23,1,1,0,0,0,1,1
98367846,120000,2024-05-04,28,1,3,0,0,0,1,1
102084708,80000,2024-06-17,31,2,3,0,0,0,2,6
102268879,80000,2024-06-19,22,1,1,0,0,0,1,6
102204333,35000,2024-06-18,26,1,1,0,0,0,1,1
101343436,35000,2024-06-05,26,1,3,0,0,0,1,1
101424831,50000,2024-06-06,29,1,3,0,0,0,1,1
101750988,65000,2024-06-11,27,1,1,0,0,0,1,7
101640016,130000,2024-06-10,26,1,1,0,0,0,1,7
98948281,90000,2024-05-14,29,1,1,0,0,0,1,1
101073219,70000,2024-06-03,23,1,1,0,0,0,1,5
98266605,60000,2024-05-03,28,2,1,0,0,0,1,1
98267853,80000,2024-05-03,24,2,3,0,0,0,2,1
ee47a279-b048-11ee-b209-d549be31d974,45000,2024-05-30,31,1,3,0,0,0,1,1
100350009,50000,2024-05-27,22,1,1,0,0,0,1,1
98802938,60000,2024-05-13,28,1,1,0,0,0,1,1
96955045,140000,2024-04-15,23,1,1,0,0,0,1,6
96959466,70000,2024-04-15,23,1,1,0,0,0,1,6
96960245,80000,2024-04-15,23,1,3,0,0,0,1,7
96960262,80000,2024-04-15,23,1,3,0,0,0,1,7
96960289,60000,2024-04-15,23,3,3,0,0,0,1,7
102648590,100000,2024-06-25,23,1,3,0,0,0,1,1
102648930,110000,2024-06-25,24,2,1,0,0,0,1,6
102650152,200000,2024-06-25,22,1,4,0,0,0,1,6
97111138,80000,2024-04-16,29,1,1,0,0,0,1,5
99826873,100000,2024-05-22,28,2,1,0,0,0,1,1
99828603,58400,2024-05-22,23,1,3,0,0,0,2,5
97595184,137000,2024-04-22,27,1,2,0,0,0,1,1
97595842,80000,2024-04-22,27,1,1,0,0,0,1,1
97321157,80000,2024-04-18,27,2,1,0,0,0,1,1
97321748,92097,2024-04-18,30,2,1,0,0,0,1,6
98385410,60000,2024-05-04,26,1,1,0,0,0,1,1
101930025,60000,2024-06-14,28,2,1,0,0,0,1,1
98509271,60800,2024-05-07,23,1,3,0,0,0,1,1
98511075,45000,2024-05-07,23,1,3,0,0,0,1,1
98512893,80000,2024-05-07,24,1,1,0,0,0,1,5
98514004,142000,2024-05-07,24,1,1,0,0,0,1,5
98514130,70000,2024-05-07,26,1,3,0,0,0,1,1
97325662,55000,2024-04-18,28,1,1,0,0,0,1,1
96538758,240000,2024-04-09,23,1,2,0,0,0,1,6
96541632,70000,2024-04-09,28,1,1,0,0,0,1,5
100025621,85000,2024-05-24,23,1,1,0,0,0,1,5
100027344,85000,2024-05-24,23,1,1,0,0,0,1,1
100028253,86500,2024-05-24,22,1,1,0,0,0,1,5
101645587,80000,2024-06-10,28,1,1,0,0,0,1,1
99611194,200000,2024-05-21,22,1,4,0,0,0,1,6
99611235,33000,2024-05-21,26,2,3,0,1,0,1,1
99613650,50000,2024-05-21,25,1,1,0,0,0,1,1
99615886,275000,2024-05-21,24,5,2,0,0,0,1,1
99617767,100000,2024-05-21,27,1,1,0,0,0,1,1
102272861,200000,2024-06-19,27,2,1,1,0,0,3,5
99139136,101500,2024-05-16,28,2,1,0,0,0,1,1
99139137,101500,2024-05-16,29,2,1,0,0,0,1,1
99140375,80000,2024-05-16,26,1,3,1,0,0,1,1
98952856,150000,2024-05-15,30,1,2,0,0,0,1,1
100718000,47400,2024-05-30,27,1,3,0,0,0,1,5
100517438,100000,2024-05-28,25,1,1,0,0,0,1,5
98806511,50000,2024-05-13,22,1,1,0,0,0,1,1
96966696,100000,2024-04-15,31,1,1,0,0,0,1,1
96968289,121300,2024-04-15,24,1,1,0,0,0,1,5
100721540,39000,2024-05-30,28,2,3,1,0,0,1,1
100721538,39000,2024-05-30,24,2,3,1,0,0,1,1
100721535,39000,2024-05-30,31,2,3,1,0,0,1,1
100721537,39000,2024-05-30,27,2,3,1,0,0,1,1
97720746,80000,2024-04-23,28,2,3,0,0,0,2,1
98290453,140000,2024-05-03,23,1,1,0,0,0,1,1
98292642,80000,2024-05-03,28,1,1,0,0,0,1,1
98625544,35000,2024-05-08,29,1,1,0,0,0,1,1
101935459,65000,2024-06-14,31,4,1,0,0,0,1,1
96744136,70000,2024-04-12,31,1,1,0,0,0,1,7
100354190,120000,2024-05-27,25,1,3,0,0,0,1,1
98411880,70000,2024-05-06,23,1,1,0,0,0,1,1
98419915,70000,2024-05-06,23,1,2,0,0,0,1,1
98420366,60000,2024-05-06,23,3,3,0,0,0,1,7
102652204,110000,2024-06-25,28,2,1,0,0,0,1,6
100031811,100000,2024-05-24,26,1,1,0,0,0,1,1
100039284,60000,2024-05-24,23,1,1,0,0,0,1,3
96544486,120000,2024-04-10,27,1,1,0,0,0,1,5
99226139,60000,2024-05-17,27,1,1,0,0,0,1,7
102279037,120000,2024-06-19,28,1,1,0,0,0,1,1
97333945,45000,2024-04-18,25,1,3,0,0,0,1,3
97335728,30000,2024-04-18,29,2,1,0,0,0,3,5
97904354,42700,2024-04-25,28,3,3,0,0,0,1,5
2f29c535-0c23-11ef-bd8a-e7d0d2cf29b1,90000,2024-05-07,28,1,2,0,0,0,1,1
98520103,150000,2024-05-07,24,1,3,0,0,0,1,1
98522378,192000,2024-05-07,31,1,1,0,0,0,1,1
98522377,192000,2024-05-07,27,1,1,0,0,0,1,1
99838180,60000,2024-05-22,27,1,2,0,0,0,1,1
99840672,300000,2024-05-22,27,1,2,0,0,0,1,1
101650721,60000,2024-06-10,29,1,1,0,0,0,1,1
96769976,88000,2024-04-12,23,2,1,0,0,0,1,5
96770543,50000,2024-04-12,24,1,3,0,0,0,1,1
100732878,100000,2024-05-30,28,2,3,0,0,0,1,1
96976250,200000,2024-04-15,28,2,2,0,0,0,1,7
102668898,100000,2024-06-25,27,1,1,0,0,0,1,3
98294998,110000,2024-05-03,23,1,1,0,0,0,1,1
98297152,55000,2024-05-03,31,1,3,0,0,0,1,7
98424499,60000,2024-05-06,31,1,1,0,0,0,1,1
98661611,35000,2024-05-10,23,2,1,0,0,0,1,1
97603652,150000,2024-04-22,24,1,2,0,0,0,1,1
102095240,85000,2024-06-17,24,1,1,0,0,0,1,3
102095244,85000,2024-06-17,27,1,1,0,0,0,1,3
102095243,85000,2024-06-17,22,1,1,0,0,0,1,3
1a5ede58-2c77-11ef-9517-d549be31d974,40000,2024-06-17,31,1,3,0,0,0,1,1
97723171,280000,2024-04-23,29,2,2,0,0,0,1,1
97723170,280000,2024-04-23,30,2,2,0,0,0,1,1
97723169,280000,2024-04-23,25,2,2,0,0,0,1,1
97727939,60000,2024-04-23,30,1,1,0,0,0,1,1
98817134,40000,2024-05-13,28,1,3,1,0,0,1,1
98817375,36000,2024-05-13,28,1,3,1,0,0,1,1
97729065,60000,2024-04-23,22,1,1,0,0,0,1,1
99641281,150000,2024-05-21,23,1,1,0,0,0,1,6
97118205,80000,2024-04-16,28,2,3,0,0,0,2,6
97118322,61500,2024-04-16,28,1,3,0,0,0,1,5
98426857,200000,2024-05-06,24,5,2,0,0,0,1,1
3e84c4c5-0b5c-11ef-a13e-e7d0d2cf29b1,30788,2024-05-06,24,1,3,0,0,0,4,1
102284883,49000,2024-06-19,29,1,1,0,0,0,1,1
100042705,90000,2024-05-24,23,1,1,0,0,0,1,3
99230449,120000,2024-05-17,23,1,2,0,0,0,1,1
98527237,60000,2024-05-07,24,1,1,0,0,0,1,3
98527920,60000,2024-05-07,24,1,1,0,0,0,1,3
98529368,70000,2024-05-07,31,1,3,0,0,0,1,5
97342478,80000,2024-04-18,30,2,3,0,0,0,2,6
97343568,60000,2024-04-18,22,1,1,0,0,0,1,1
101942559,80000,2024-06-14,27,2,3,0,0,0,2,7
101942774,84000,2024-06-14,27,1,1,0,0,0,1,1
96775842,110000,2024-04-12,22,1,2,0,0,0,1,7
96777299,94400,2024-04-12,23,1,1,0,0,0,1,5
98989249,50000,2024-05-15,31,1,1,0,0,0,1,5
97605072,95000,2024-04-22,24,2,2,0,0,0,1,7
97605786,55600,2024-04-22,24,2,1,0,0,0,1,1
97606428,90000,2024-04-22,31,1,1,0,0,0,1,7
a8b08b08-2c76-11ef-aa29-cb26dff57dd7,40000,2024-06-17,31,1,3,0,0,0,1,1
98820279,36000,2024-05-13,28,1,3,0,0,0,1,1
102678578,50000,2024-06-25,26,1,3,0,0,0,1,1
100547285,95000,2024-05-29,23,1,1,0,0,0,1,7
97908380,55000,2024-04-25,27,1,1,0,0,0,1,1
97911146,90000,2024-04-25,27,1,1,0,0,0,1,1
97912242,80000,2024-04-25,27,2,3,0,0,0,2,7
97744261,65000,2024-04-24,31,1,3,1,0,0,1,5
96579810,51000,2024-04-10,31,1,1,0,0,0,1,5
96984236,41400,2024-04-15,24,2,3,0,0,0,1,1
98432439,70000,2024-05-06,23,1,1,0,0,0,1,7
99238320,95000,2024-05-17,31,2,1,0,0,0,1,1
99240037,120000,2024-05-17,25,1,4,0,0,0,1,5
99240036,120000,2024-05-17,25,1,4,0,0,0,1,5
99240033,120000,2024-05-17,25,1,4,0,0,0,1,5
98532292,100000,2024-05-07,28,1,1,0,0,0,1,1
98990445,70000,2024-05-15,23,1,1,0,0,0,1,6
98996161,90000,2024-05-15,29,1,1,0,0,0,1,1
100047670,340000,2024-05-24,30,2,2,0,0,0,1,1
100047671,340000,2024-05-24,29,2,2,0,0,0,1,1
100746859,60000,2024-05-31,22,1,1,0,0,0,1,1
101948331,75400,2024-06-14,26,1,1,0,0,0,1,5
96782521,120000,2024-04-12,28,2,2,0,0,0,1,1
96788196,60000,2024-04-12,26,2,1,0,0,0,1,5
96788198,60000,2024-04-12,27,2,1,0,0,0,1,5
100561793,200000,2024-05-29,27,1,1,0,0,0,1,1
100564230,66200,2024-05-29,22,1,2,0,0,0,1,1
98435983,70000,2024-05-06,30,1,1,0,0,0,1,5
97346046,35000,2024-04-18,27,1,1,0,0,0,1,1
99855676,80000,2024-05-22,24,1,1,0,0,0,1,7
99857228,80000,2024-05-22,29,1,1,0,0,0,1,1
102105966,120000,2024-06-17,22,1,1,0,0,0,1,7
98824982,280000,2024-05-13,28,2,2,0,0,0,1,6
99649817,41400,2024-05-21,24,2,3,0,0,0,1,1
99651198,74600,2024-05-21,23,1,1,0,0,0,1,5
99652579,87900,2024-05-21,31,1,1,0,0,0,1,5
98538913,80000,2024-05-07,27,2,3,0,0,0,2,1
98539028,90000,2024-05-07,24,1,1,0,0,0,1,7
97611203,71000,2024-04-22,24,2,1,0,0,0,1,1
97613951,180000,2024-04-22,27,2,1,0,0,0,1,6
97614081,40000,2024-04-22,28,1,3,0,0,0,1,1
100765238,60000,2024-05-31,23,1,3,0,0,0,1,1
96589004,100000,2024-04-10,31,3,3,0,0,0,2,6
97770765,90000,2024-04-24,23,1,1,0,0,0,1,1
97918536,80000,2024-04-25,27,1,3,0,0,0,1,7
96740946,100000,2024-04-12,24,2,1,0,0,0,1,6
96998030,180000,2024-04-15,26,1,2,0,0,0,1,3
99863852,80000,2024-05-23,31,1,1,0,0,0,1,1
101952734,44000,2024-06-14,23,1,3,0,1,0,2,1
102294565,100000,2024-06-19,28,1,4,0,0,0,1,7
102296666,80000,2024-06-19,22,2,3,0,0,0,2,6
96591462,155000,2024-04-10,27,5,1,0,0,0,1,1
100382089,38000,2024-05-27,27,2,3,1,0,0,1,1
100384242,38000,2024-05-27,29,2,3,1,0,0,1,1
100385652,35000,2024-05-27,25,2,3,1,0,0,1,1
100385975,35000,2024-05-27,30,2,3,1,0,0,1,1
100386150,35000,2024-05-27,26,2,3,1,0,0,1,1
100059476,50000,2024-05-24,26,1,1,0,0,0,1,1
97140929,90000,2024-04-16,27,1,1,0,0,0,1,5
100568026,60000,2024-05-29,28,1,2,0,0,0,1,1
100568731,120000,2024-05-29,23,1,1,0,0,0,1,7
100569519,90000,2024-05-29,23,1,2,0,0,0,1,1
100771627,80000,2024-05-31,23,1,1,0,0,0,1,5
00b0feb5-ba9f-11ee-83f7-cb26dff57dd7,35000,2024-05-31,24,1,3,0,0,0,1,1
98546002,37712,2024-05-07,23,1,3,0,1,0,2,1
101954626,55000,2024-06-14,29,1,3,0,0,0,2,1
101954882,100000,2024-06-14,26,1,1,0,0,0,1,3
97356777,70000,2024-04-19,30,1,1,0,0,0,1,1
97781906,120000,2024-04-24,23,1,1,0,0,0,1,7
97622131,70000,2024-04-22,28,3,1,0,0,0,1,6
97623908,80000,2024-04-22,28,1,2,0,0,0,1,1
99891546,180000,2024-05-23,23,1,3,0,0,0,1,1
99891555,130000,2024-05-23,23,1,1,0,0,0,1,1
96600731,110000,2024-04-10,23,1,1,0,0,0,1,1
99657187,90000,2024-05-21,23,1,1,0,0,0,1,1
99663232,25000,2024-05-21,24,1,3,0,0,0,1,1
102690393,50000,2024-06-25,28,1,3,0,0,0,1,3
102696544,80000,2024-06-25,27,2,3,0,0,0,2,6
100583314,80000,2024-05-29,31,1,1,0,0,0,1,7
100392778,120000,2024-05-27,29,1,2,0,0,0,1,5
97146656,65000,2024-04-17,29,1,1,0,0,0,1,1
97786259,90000,2024-04-24,23,1,1,0,0,0,1,5
97631597,16000,2024-04-22,30,1,3,0,0,0,1,1
98679808,70000,2024-05-17,24,1,2,0,0,0,1,1
101983720,104500,2024-06-15,29,1,1,0,0,0,1,5
101983721,102000,2024-06-15,30,1,1,0,0,0,1,5
101983882,89000,2024-06-15,30,1,1,0,0,0,1,5
101983939,11700,2024-06-15,29,1,1,0,0,0,1,5
101983960,103400,2024-06-15,23,1,1,0,0,0,1,5
101984088,58600,2024-06-15,28,1,3,0,0,0,1,5
101984160,84400,2024-06-15,24,3,3,0,0,0,1,5
101984176,47400,2024-06-15,27,1,3,0,0,0,1,5
101984286,142000,2024-06-15,24,1,1,0,0,0,1,5
101984378,92800,2024-06-15,22,1,1,0,0,0,1,5
97018713,60000,2024-04-15,27,1,3,0,0,0,1,1
102703810,80000,2024-06-25,28,2,3,0,0,0,2,6
102703809,80000,2024-06-25,31,2,3,0,0,0,2,6
97166394,100000,2024-04-17,23,1,2,0,0,0,1,1
97166534,65000,2024-04-17,23,1,1,0,0,0,1,1
97170132,50000,2024-04-17,23,1,1,0,0,0,1,1
100590285,80000,2024-05-29,31,2,1,0,0,0,1,1
97825576,75000,2024-04-26,30,2,3,0,0,0,1,1
97387958,50000,2024-04-19,22,1,3,0,0,0,1,1
97388194,110000,2024-04-19,23,1,1,0,0,0,1,7
99269697,250000,2024-05-17,27,2,1,0,0,0,1,7
97791608,92800,2024-04-24,22,1,1,0,0,0,1,5
100799102,160000,2024-05-31,23,1,1,0,0,0,1,6
99668275,90000,2024-05-21,22,2,1,0,0,0,1,7
96610570,42400,2024-04-10,27,1,1,0,0,0,1,1
97176135,60000,2024-04-17,22,1,1,0,0,0,1,1
97181784,65000,2024-04-17,31,1,3,0,0,0,1,5
97181829,65000,2024-04-17,31,1,3,1,0,0,1,5
99669472,50000,2024-05-21,31,2,1,0,0,0,1,1
99671521,120000,2024-05-21,24,1,1,0,0,0,1,1
97799794,120000,2024-04-24,31,3,3,0,0,0,3,1
96613515,180000,2024-04-10,30,2,1,0,0,0,1,1
96616676,72600,2024-04-10,29,1,1,0,0,0,1,5
97969396,22000,2024-04-26,24,1,3,0,0,0,1,1
97185169,60000,2024-04-17,27,1,1,0,0,0,1,7
99282583,75000,2024-05-17,28,1,1,0,0,0,1,1
96629245,61190,2024-04-10,30,1,3,0,0,0,1,3
100823931,42000,2024-05-31,27,1,1,0,0,0,1,5
99684066,100000,2024-05-21,24,1,1,0,0,0,1,1
96633866,34000,2024-04-10,29,1,1,0,0,0,1,1
96637463,82000,2024-04-10,29,1,1,0,0,0,1,3
97989455,50000,2024-04-26,26,1,1,0,0,0,1,5
98009808,60000,2024-04-26,29,1,1,0,0,0,1,1
98038348,70000,2024-04-27,23,1,3,0,0,0,1,1
98041932,65000,2024-04-27,31,1,3,1,0,0,1,5
98042432,200000,2024-04-27,23,3,2,0,0,0,1,1
98054834,120000,2024-04-27,22,1,1,0,0,0,1,1
98072084,45000,2024-04-27,29,1,3,0,0,0,1,1
98072190,82000,2024-04-27,29,1,1,0,0,0,1,1
98074761,90000,2024-04-27,23,1,1,0,0,0,1,1
97966586,50000,2024-04-27,27,1,1,0,0,0,1,1
98075281,50000,2024-04-27,29,1,1,0,0,0,1,1
98075496,80000,2024-04-27,31,1,2,0,0,0,1,5
98082269,50500,2024-04-27,31,2,3,1,0,0,1,5
98089070,160000,2024-04-28,28,1,1,0,0,0,1,1
98122034,60000,2024-04-29,23,3,3,0,0,0,1,7
